7  0 -147.900  84.600 0.300 1.000 0.000 0.000 0.000
7  0 -147.889  84.603 0.328 1.000 0.002 0.001 0.001
7  0 -147.876  84.608 0.339 1.000 0.001 0.001 0.001
7  0 -147.909  84.604 0.340 1.000 0.002 0.001 0.001
7  0 -147.856  84.606 0.346 1.000 0.002 0.000 0.001
7  0 -147.876  84.605 0.332 1.000 0.002 0.000 0.002
7  0 -147.956  84.616 0.333 1.000 0.001 0.000 0.002
7  0 -147.885  84.613 0.338 1.000 0.002 0.001 0.002
7  0 -147.889  84.601 0.338 1.000 0.002 0.001 0.001
8  0 -147.886  84.597 0.341 1.000 0.002 0.001 0.001
8  0 -147.884  84.596 0.343 1.000 0.002 0.001 0.001
8  0 -147.874  84.599 0.340 1.000 0.001 0.001 0.001
8  0 -147.867  84.602 0.336 1.000 0.002 0.001 0.001
8  0 -147.883  84.609 0.337 1.000 0.001 0.000 0.002
8  0 -147.922  84.614 0.337 1.000 0.002 0.001 0.002
8  0 -147.909  84.607 0.340 1.000 0.001 0.000 0.001
8  0 -147.860  84.595 0.342 1.000 0.002 0.000 0.001
8  0 -147.879  84.591 0.332 1.000 0.002 0.001 0.001
8  0 -147.891  84.597 0.332 1.000 0.001 0.001 0.001
8  0 -147.876  84.601 0.342 1.000 0.002 0.001 0.001
8  0 -147.868  84.605 0.334 1.000 0.002 0.001 0.002
8  0 -147.854  84.608 0.327 1.000 0.002 0.001 0.002
8  0 -147.847  84.604 0.340 1.000 0.001 0.001 0.001
8  0 -147.871  84.602 0.337 1.000 0.001 0.001 0.001
8  0 -147.863  84.605 0.340 1.000 0.002 0.001 0.002
8  0 -147.857  84.603 0.342 1.000 0.002 0.001 0.002
8  0 -147.872  84.600 0.341 1.000 0.001 0.000 0.001
8  0 -147.885  84.598 0.340 1.000 0.002 0.000 0.000
8  0 -147.883  84.603 0.338 1.000 0.001 0.001 0.000
9  0 -147.849  84.615 0.334 1.000 0.001 0.000 0.001
9  0 -147.885  84.604 0.338 1.000 0.002 0.000 0.001
9  0 -147.899  84.594 0.349 1.000 0.002 0.001 0.001
9  0 -147.898  84.595 0.342 1.000 0.002 0.000 0.001
9  0 -147.856  84.602 0.329 1.000 0.001 0.000 0.002
9  0 -147.859  84.602 0.325 1.000 0.002 0.001 0.002
9  0 -147.838  84.603 0.330 1.000 0.001 -0.000 0.001
9  0 -147.870  84.608 0.334 1.000 0.001 0.000 0.002
9  0 -147.875  84.599 0.334 1.000 0.002 0.001 0.002
9  0 -147.877  84.598 0.338 1.000 0.002 0.001 0.001
9  0 -147.879  84.598 0.341 1.000 0.002 0.001 0.001
9  0 -147.866  84.602 0.339 1.000 0.002 0.000 0.001
9  0 -147.857  84.605 0.334 1.000 0.002 0.001 0.001
9  0 -147.859  84.604 0.337 1.000 0.002 0.001 0.001
9  0 -147.870  84.610 0.336 1.000 0.002 0.001 0.001
9  0 -147.880  84.614 0.335 1.000 0.002 0.001 0.001
9  0 -147.891  84.618 0.335 1.000 0.002 0.001 0.001
9  0 -147.872  84.611 0.332 1.000 0.002 0.001 0.002
9  0 -147.882  84.608 0.337 1.000 0.001 0.001 0.001
9  0 -147.894  84.608 0.341 1.000 0.001 0.001 0.001
10  0 -147.903  84.606 0.345 1.000 0.001 0.001 0.001
10  0 -147.898  84.605 0.340 1.000 0.001 0.000 0.001
10  0 -147.890  84.603 0.335 1.000 0.002 0.000 0.001
10  0 -147.867  84.604 0.342 1.000 0.003 0.000 0.001
10  0 -147.858  84.608 0.336 1.000 0.001 0.000 0.001
10  0 -147.859  84.602 0.336 1.000 0.002 0.000 0.001
10  0 -147.851  84.597 0.332 1.000 0.002 0.000 0.001
10  0 -147.871  84.611 0.328 1.000 0.002 0.001 0.002
10  0 -147.867  84.609 0.333 1.000 0.001 0.000 0.002
10  0 -147.861  84.606 0.337 1.000 0.002 0.000 0.002
10  0 -147.853  84.603 0.340 1.000 0.002 0.000 0.002
10  0 -147.871  84.595 0.333 1.000 0.002 0.001 0.001
10  0 -147.889  84.599 0.339 1.000 0.002 0.001 0.001
10  0 -147.912  84.611 0.341 1.000 0.002 0.000 0.001
10  0 -147.861  84.615 0.336 1.000 0.002 0.001 0.002
10  0 -147.890  84.602 0.343 1.000 0.002 0.000 0.001
10  0 -147.906  84.603 0.336 1.000 0.002 0.000 0.001
10  0 -147.849  84.611 0.330 1.000 0.001 0.000 0.001
10  0 -147.818  84.605 0.345 1.000 0.002 0.001 0.000
10  0 -147.827  84.606 0.346 1.000 0.001 0.000 0.000
11  0 -147.890  84.603 0.330 1.000 0.002 0.001 0.002
11  0 -147.943  84.621 0.336 1.000 0.002 0.001 0.002
11  0 -147.878  84.607 0.341 1.000 0.002 0.001 0.001
11  0 -147.866  84.601 0.337 1.000 0.003 0.000 0.001
11  0 -147.856  84.595 0.334 1.000 0.003 0.000 0.001
11  0 -147.863  84.598 0.332 1.000 0.002 0.001 0.001
11  0 -147.883  84.610 0.338 1.000 0.002 0.000 0.001
11  0 -147.877  84.601 0.340 1.000 0.001 0.000 0.002
11  0 -147.872  84.596 0.340 1.000 0.002 0.001 0.002
11  0 -147.875  84.604 0.334 1.000 0.002 0.001 0.001
11  0 -147.881  84.612 0.327 1.000 0.002 0.001 0.001
11  0 -147.907  84.611 0.338 1.000 0.002 0.000 0.001
11  0 -147.873  84.611 0.338 1.000 0.002 0.001 0.001
11  0 -147.846  84.608 0.338 1.000 0.002 0.001 0.001
11  0 -147.887  84.603 0.335 1.000 0.001 0.000 0.001
11  0 -147.909  84.598 0.336 1.000 0.002 0.000 0.001
11  0 -147.884  84.604 0.340 1.000 0.002 0.001 0.002
11  0 -147.870  84.608 0.335 1.000 0.001 0.000 0.002
11  0 -147.860  84.602 0.331 1.000 0.002 0.001 0.001
11  0 -147.892  84.605 0.339 1.000 0.002 0.000 0.001
12  0 -147.852  84.604 0.326 1.000 0.002 0.000 0.002
12  0 -147.850  84.602 0.337 1.000 0.002 0.000 0.001
12  0 -147.874  84.606 0.341 1.000 0.002 0.001 0.001
12  0 -147.895  84.610 0.344 1.000 0.002 0.001 0.001
12  0 -147.862  84.608 0.338 1.000 0.002 0.000 0.001
12  0 -147.866  84.608 0.333 1.000 0.002 0.000 0.002
12  0 -147.868  84.607 0.329 1.000 0.002 0.001 0.002
12  0 -147.887  84.598 0.334 1.000 0.001 0.001 0.001
12  0 -147.864  84.602 0.334 1.000 0.002 0.000 0.002
12  0 -147.910  84.599 0.342 1.000 0.002 0.000 0.001
12  0 -147.867  84.607 0.330 1.000 0.002 0.001 0.002
12  0 -147.837  84.606 0.329 1.000 0.003 0.001 0.002
12  0 -147.855  84.599 0.344 1.000 0.002 0.001 0.001
12  0 -147.848  84.602 0.338 1.000 0.001 0.001 0.002
12  0 -147.863  84.602 0.329 1.000 0.001 0.001 0.002
12  0 -147.884  84.602 0.332 1.000 0.002 0.000 0.001
12  0 -147.895  84.606 0.339 1.000 0.002 0.001 0.001
12  0 -147.912  84.607 0.345 1.000 0.002 0.000 0.001
12  0 -147.924  84.608 0.345 1.000 0.001 0.001 0.001
12  0 -147.846  84.607 0.333 1.000 0.002 0.000 0.002
13  0 -147.866  84.598 0.335 1.000 0.003 0.000 0.001
13  0 -147.869  84.600 0.331 1.000 0.002 0.001 0.001
13  0 -147.859  84.597 0.339 1.000 0.002 0.000 0.001
13  0 -147.852  84.596 0.342 1.000 0.002 0.000 0.001
13  0 -147.843  84.600 0.339 1.000 0.002 0.001 0.001
13  0 -147.857  84.602 0.337 1.000 0.002 0.000 0.000
13  0 -147.855  84.604 0.336 1.000 0.002 0.001 0.000
13  0 -147.854  84.602 0.341 1.000 0.002 0.001 0.001
13  0 -147.852  84.601 0.341 1.000 0.002 0.001 0.001
13  0 -147.855  84.604 0.346 1.000 0.002 0.001 0.001
13  0 -147.871  84.606 0.341 1.000 0.002 0.001 0.001
13  0 -147.881  84.608 0.339 1.000 0.002 0.000 0.001
13  0 -147.892  84.610 0.337 1.000 0.002 0.000 0.002
13  0 -147.902  84.611 0.336 1.000 0.002 0.001 0.002
13  0 -147.913  84.611 0.335 1.000 0.002 0.001 0.002
13  0 -147.886  84.610 0.337 1.000 0.002 0.000 0.002
13  0 -147.864  84.607 0.336 1.000 0.002 0.000 0.001
13  0 -147.843  84.605 0.334 1.000 0.002 0.000 0.001
13  0 -147.828  84.602 0.333 1.000 0.002 0.001 0.001
13  0 -147.860  84.600 0.331 1.000 0.001 0.001 0.001
14  0 -147.876  84.608 0.336 1.000 0.001 0.001 0.001
14  0 -147.867  84.611 0.337 1.000 0.002 0.001 0.002
14  0 -147.864  84.605 0.333 1.000 0.002 0.001 0.001
14  0 -147.863  84.598 0.329 1.000 0.002 0.000 0.001
14  0 -147.892  84.601 0.343 1.000 0.001 0.001 0.001
14  0 -147.897  84.602 0.339 1.000 0.002 0.001 0.001
14  0 -147.890  84.609 0.338 1.000 0.002 0.001 0.001
14  0 -147.863  84.604 0.333 1.000 0.002 0.001 0.002
14  0 -147.867  84.594 0.333 1.000 0.002 0.001 0.001
14  0 -147.865  84.593 0.334 1.000 0.003 0.001 0.001
14  0 -147.856  84.599 0.332 1.000 0.002 0.001 0.001
14  0 -147.849  84.604 0.333 1.000 0.002 0.001 0.001
14  0 -147.893  84.611 0.335 1.000 0.002 0.000 0.002
14  0 -147.865  84.610 0.342 1.000 0.002 0.000 0.002
14  0 -147.857  84.608 0.345 1.000 0.002 0.000 0.001
14  0 -147.852  84.605 0.331 1.000 0.002 0.000 0.001
14  0 -147.874  84.601 0.333 1.000 0.002 0.001 0.001
14  0 -147.873  84.605 0.337 1.000 0.002 0.000 0.001
14  0 -147.878  84.610 0.336 1.000 0.002 0.001 0.001
14  0 -147.868  84.614 0.339 1.000 0.002 0.001 0.002
15  0 -147.862  84.608 0.333 1.000 0.001 0.001 0.001
15  0 -147.856  84.603 0.328 1.000 0.002 0.001 0.001
15  0 -147.861  84.606 0.340 1.000 0.002 0.000 0.002
15  0 -147.867  84.609 0.339 1.000 0.002 0.001 0.002
15  0 -147.872  84.602 0.337 1.000 0.002 0.001 0.002
15  0 -147.878  84.596 0.336 1.000 0.002 0.001 0.001
15  0 -147.866  84.601 0.339 1.000 0.002 0.001 0.001
15  0 -147.882  84.607 0.339 1.000 0.002 0.001 0.002
15  0 -147.891  84.607 0.332 1.000 0.002 0.001 0.002
15  0 -147.901  84.607 0.334 1.000 0.003 0.001 0.001
15  0 -147.894  84.607 0.333 1.000 0.002 0.001 0.001
15  0 -147.866  84.609 0.336 1.000 0.001 0.001 0.001
15  0 -147.844  84.598 0.329 1.000 0.002 0.000 0.001
15  0 -147.875  84.597 0.333 1.000 0.002 0.001 0.001
15  0 -147.871  84.602 0.338 1.000 0.002 0.001 0.001
15  0 -147.872  84.609 0.341 1.000 0.002 0.001 0.001
15  0 -147.882  84.614 0.341 1.000 0.002 0.001 0.002
15  0 -147.870  84.609 0.336 1.000 0.002 0.001 0.001
15  0 -147.859  84.604 0.332 1.000 0.002 0.000 0.001
15  0 -147.855  84.599 0.331 1.000 0.001 0.001 0.001
16  0 -147.846  84.596 0.331 1.000 0.002 0.000 0.001
16  0 -147.861  84.595 0.330 1.000 0.001 0.001 0.001
16  0 -147.842  84.600 0.332 1.000 0.002 0.001 0.001
16  0 -147.876  84.604 0.338 1.000 0.002 0.001 0.001
16  0 -147.911  84.608 0.341 1.000 0.002 0.001 0.002
16  0 -147.853  84.601 0.334 1.000 0.002 0.001 0.001
16  0 -147.860  84.601 0.346 1.000 0.002 0.000 0.001
16  0 -147.857  84.606 0.349 1.000 0.000 0.001 0.001
16  0 -147.869  84.602 0.342 1.000 0.001 0.000 0.001
16  0 -147.884  84.600 0.340 1.000 0.001 0.001 0.001
16  0 -147.893  84.599 0.338 1.000 0.002 0.000 0.001
16  0 -147.893  84.599 0.339 1.000 0.002 0.000 0.001
16  0 -147.887  84.602 0.336 1.000 0.002 0.001 0.001
16  0 -147.868  84.600 0.340 1.000 0.002 0.001 0.002
16  0 -147.858  84.600 0.334 1.000 0.002 0.000 0.002
16  0 -147.872  84.604 0.336 1.000 0.001 0.001 0.001
16  0 -147.886  84.609 0.340 1.000 0.002 0.001 0.001
16  0 -147.899  84.611 0.340 1.000 0.002 0.001 0.001
16  0 -147.868  84.604 0.339 1.000 0.002 0.000 0.001
16  0 -147.859  84.600 0.335 1.000 0.002 0.000 0.001
17  0 -147.884  84.608 0.329 1.000 0.002 0.000 0.001
17  0 -147.872  84.600 0.338 1.000 0.002 0.001 0.002
17  0 -147.872  84.596 0.342 1.000 0.001 0.001 0.001
17  0 -147.863  84.599 0.342 1.000 0.001 0.001 0.001
17  0 -147.861  84.605 0.332 1.000 0.002 0.000 0.001
17  0 -147.879  84.605 0.337 1.000 0.002 0.000 0.000
17  0 -147.862  84.608 0.341 1.000 0.003 0.001 0.001
17  0 -147.855  84.607 0.343 1.000 0.003 0.001 0.002
17  0 -147.860  84.599 0.336 1.000 0.002 0.000 0.001
17  0 -147.919  84.610 0.340 1.000 0.001 0.001 0.001
17  0 -147.911  84.608 0.335 1.000 0.002 0.001 0.001
17  0 -147.896  84.601 0.345 1.000 0.002 0.001 0.001
17  0 -147.866  84.597 0.347 1.000 0.002 0.000 0.001
17  0 -147.840  84.595 0.344 1.000 0.002 0.000 0.001
17  0 -147.874  84.598 0.343 1.000 0.002 0.000 0.001
17  0 -147.883  84.603 0.339 1.000 0.002 0.001 0.001
17  0 -147.859  84.603 0.335 1.000 0.002 0.001 0.002
17  0 -147.855  84.604 0.334 1.000 0.002 0.000 0.001
17  0 -147.872  84.610 0.330 1.000 0.002 0.001 0.001
17  0 -147.871  84.608 0.336 1.000 0.002 0.001 0.002
18  0 -147.877  84.604 0.342 1.000 0.002 0.001 0.002
18  0 -147.873  84.603 0.337 1.000 0.002 0.000 0.001
18  0 -147.859  84.605 0.328 1.000 0.002 0.001 0.001
18  0 -147.861  84.600 0.329 1.000 0.002 0.000 0.001
18  0 -147.868  84.596 0.333 1.000 0.002 0.000 0.001
18  0 -147.876  84.595 0.341 1.000 0.002 0.000 0.001
18  0 -147.880  84.600 0.340 1.000 0.002 0.000 0.001
18  0 -147.883  84.605 0.341 1.000 0.002 0.001 0.001
18  0 -147.887  84.610 0.342 1.000 0.002 0.000 0.001
18  0 -147.856  84.612 0.335 1.000 0.002 0.001 0.002
18  0 -147.850  84.603 0.334 1.000 0.002 0.001 0.001
18  0 -147.872  84.601 0.336 1.000 0.002 0.001 0.002
18  0 -147.860  84.607 0.334 1.000 0.002 0.000 0.002
18  0 -147.879  84.612 0.336 1.000 0.002 0.001 0.002
18  0 -147.892  84.609 0.343 1.000 0.002 0.001 0.001
18  0 -147.861  84.608 0.339 1.000 0.001 0.000 0.002
18  0 -147.859  84.601 0.333 1.000 0.002 0.000 0.001
18  0 -147.866  84.598 0.332 1.000 0.002 0.001 0.001
18  0 -147.874  84.597 0.330 1.000 0.002 0.001 0.001
18  0 -147.859  84.603 0.333 1.000 0.001 0.001 0.002
19  0 -147.862  84.607 0.333 1.000 0.002 0.001 0.002
19  0 -147.879  84.606 0.334 1.000 0.002 0.000 0.002
19  0 -147.867  84.601 0.332 1.000 0.001 0.001 0.001
19  0 -147.883  84.602 0.334 1.000 0.002 0.001 0.001
19  0 -147.899  84.604 0.336 1.000 0.002 0.001 0.001
19  0 -147.912  84.605 0.338 1.000 0.002 0.001 0.001
19  0 -147.842  84.604 0.334 1.000 0.002 0.000 0.001
19  0 -147.844  84.601 0.339 1.000 0.002 0.001 0.000
19  0 -147.847  84.599 0.338 1.000 0.002 0.001 0.000
19  0 -147.887  84.602 0.341 1.000 0.003 0.000 0.001
19  0 -147.921  84.606 0.343 1.000 0.002 0.001 0.001
19  0 -147.873  84.606 0.342 1.000 0.002 0.001 0.001
19  0 -147.844  84.601 0.334 1.000 0.002 0.000 0.001
19  0 -147.868  84.602 0.336 1.000 0.002 0.000 0.001
19  0 -147.841  84.598 0.336 1.000 0.002 0.000 0.001
19  0 -147.859  84.606 0.339 1.000 0.002 0.000 0.001
19  0 -147.869  84.606 0.333 1.000 0.002 0.000 0.001
19  0 -147.873  84.605 0.332 1.000 0.002 0.000 0.001
19  0 -147.871  84.604 0.333 1.000 0.002 0.000 0.002
19  0 -147.870  84.602 0.333 1.000 0.002 0.001 0.002
20  0 -147.874  84.601 0.335 1.000 0.002 0.000 0.001
20  0 -147.868  84.605 0.335 1.000 0.002 0.000 0.002
20  0 -147.861  84.607 0.336 1.000 0.002 0.001 0.001
20  0 -147.864  84.605 0.335 1.000 0.002 0.001 0.001
20  0 -147.878  84.604 0.332 1.000 0.002 0.001 0.001
20  0 -147.857  84.602 0.339 1.000 0.002 0.000 0.001
20  0 -147.849  84.601 0.346 1.000 0.002 0.000 0.001
20  0 -147.849  84.601 0.335 1.000 0.002 0.001 0.001
20  0 -147.858  84.605 0.326 1.000 0.002 0.001 0.001
20  0 -147.872  84.606 0.326 1.000 0.002 0.000 0.002
20  0 -147.866  84.607 0.332 1.000 0.002 0.000 0.002
20  0 -147.853  84.610 0.337 1.000 0.002 0.001 0.002
20  0 -147.877  84.603 0.332 1.000 0.002 0.000 0.002
20  0 -147.867  84.602 0.339 1.000 0.002 0.001 0.001
20  0 -147.860  84.602 0.345 1.000 0.002 0.000 0.001
20  0 -147.850  84.599 0.346 1.000 0.002 0.001 0.001
20  0 -147.812  84.591 0.337 1.000 0.002 0.000 0.000
20  0 -147.756  84.583 0.331 1.000 0.002 -0.000 -0.001
20  0 -147.512  84.587 0.325 1.000 0.001 -0.001 0.001
20  0 -147.379  84.579 0.333 1.000 0.001 -0.001 -0.000
21  0 -147.221  84.570 0.331 1.000 0.001 -0.001 -0.000
21  0 -147.044  84.572 0.334 1.000 0.001 -0.000 0.000
21  0 -146.864  84.571 0.337 1.000 0.001 -0.000 0.000
21  0 -146.663  84.562 0.345 1.000 0.001 -0.000 0.000
21  0 -146.447  84.560 0.347 1.000 0.001 -0.000 0.000
21  0 -146.230  84.559 0.347 1.000 0.001 -0.000 0.000
21  0 -145.990  84.560 0.351 1.000 0.001 -0.000 -0.000
21  0 -145.762  84.556 0.356 1.000 0.001 -0.000 -0.000
21  0 -145.532  84.555 0.361 1.000 0.001 -0.000 0.000
21  0 -145.309  84.553 0.364 1.000 0.001 -0.000 0.000
21  0 -145.073  84.549 0.363 1.000 0.001 -0.000 -0.000
21  0 -144.847  84.547 0.358 1.000 0.001 0.000 -0.000
21  0 -144.624  84.550 0.353 1.000 0.001 0.000 0.000
21  0 -144.408  84.544 0.351 1.000 0.001 0.000 -0.000
21  0 -144.195  84.550 0.356 1.000 0.001 0.000 -0.000
21  0 -143.989  84.555 0.360 1.000 0.002 0.000 -0.000
21  0 -143.785  84.554 0.363 1.000 0.001 -0.000 -0.000
21  0 -143.580  84.552 0.368 1.000 0.001 -0.000 -0.000
21  0 -143.389  84.554 0.371 1.000 0.001 -0.000 0.000
21  0 -143.198  84.556 0.371 1.000 0.001 -0.000 0.000
22  0 -143.009  84.554 0.368 1.000 0.001 -0.000 0.000
22  0 -142.810  84.540 0.360 1.000 0.001 0.000 -0.000
22  0 -142.617  84.544 0.357 1.000 0.001 0.000 0.000
22  0 -142.430  84.542 0.357 1.000 0.001 0.000 -0.000
22  0 -142.259  84.543 0.360 1.000 0.001 0.000 -0.000
22  0 -142.083  84.543 0.366 1.000 0.001 0.000 -0.000
22  0 -141.903  84.543 0.368 1.000 0.001 0.000 0.000
22  0 -141.746  84.539 0.374 1.000 0.001 0.000 0.000
22  0 -141.579  84.544 0.377 1.000 0.001 0.000 0.000
22  0 -141.410  84.548 0.378 1.000 0.001 0.000 0.000
22  0 -141.252  84.546 0.372 1.000 0.001 0.000 0.000
22  0 -141.091  84.543 0.365 1.000 0.001 0.000 0.000
22  0 -140.918  84.544 0.361 1.000 0.001 0.000 -0.000
22  0 -140.780  84.550 0.369 1.000 0.001 0.000 -0.001
22  0 -140.655  84.533 0.373 1.000 0.001 0.000 -0.005
22  0 -140.487  84.528 0.377 1.000 0.001 0.000 -0.010
22  0 -140.340  84.502 0.372 1.000 0.000 0.000 -0.016
22  0 -140.194  84.481 0.372 1.000 -0.000 -0.000 -0.023
22  0 -140.071  84.457 0.371 0.999 0.000 0.000 -0.032
22  0 -139.945  84.435 0.371 0.999 -0.000 0.000 -0.041
23  0 -139.819  84.372 0.371 0.999 -0.000 0.000 -0.054
23  0 -139.686  84.331 0.372 0.998 -0.000 0.000 -0.067
23  0 -139.575  84.274 0.376 0.997 -0.000 0.000 -0.080
23  0 -139.466  84.219 0.379 0.996 -0.000 0.000 -0.094
23  0 -139.381  84.151 0.379 0.994 -0.000 0.000 -0.109
23  0 -139.288  84.081 0.378 0.992 -0.000 0.000 -0.123
23  0 -139.170  84.041 0.365 0.991 0.001 0.000 -0.131
23  0 -139.071  83.978 0.372 0.991 0.001 0.000 -0.135
23  0 -138.949  83.957 0.373 0.991 0.002 0.000 -0.134
23  0 -138.838  83.927 0.374 0.991 0.002 0.000 -0.134
23  0 -138.712  83.888 0.376 0.991 0.002 0.000 -0.134
23  0 -138.579  83.851 0.375 0.991 0.002 0.000 -0.134
23  0 -138.441  83.811 0.372 0.991 0.001 0.000 -0.134
23  0 -138.277  83.771 0.372 0.991 0.001 0.000 -0.134
23  0 -138.111  83.733 0.369 0.991 0.001 -0.000 -0.135
23  0 -137.943  83.669 0.372 0.990 0.000 0.000 -0.140
23  0 -137.763  83.602 0.374 0.989 0.000 -0.000 -0.146
23  0 -137.576  83.536 0.375 0.988 0.000 -0.000 -0.153
23  0 -137.395  83.428 0.370 0.986 0.000 -0.000 -0.167
23  0 -137.212  83.325 0.369 0.984 -0.000 0.000 -0.181
24  0 -137.015  83.200 0.375 0.980 -0.001 0.000 -0.198
24  0 -136.822  83.085 0.374 0.976 -0.001 0.000 -0.216
24  0 -136.647  82.921 0.377 0.971 -0.001 0.000 -0.238
24  0 -136.476  82.771 0.382 0.965 -0.002 0.001 -0.262
24  0 -136.299  82.570 0.378 0.957 -0.002 0.001 -0.290
24  0 -136.122  82.372 0.375 0.948 -0.002 0.001 -0.319
24  0 -135.980  82.159 0.380 0.937 -0.003 0.001 -0.350
24  0 -135.829  81.921 0.379 0.926 -0.002 0.001 -0.378
24  0 -135.662  81.671 0.376 0.916 -0.002 0.001 -0.401
24  0 -135.515  81.452 0.373 0.912 -0.000 0.000 -0.410
24  0 -135.337  81.202 0.375 0.910 0.001 0.000 -0.415
24  0 -135.135  80.983 0.371 0.909 0.001 -0.000 -0.416
24  0 -134.931  80.743 0.368 0.909 0.001 -0.000 -0.417
24  0 -134.726  80.500 0.367 0.909 0.001 -0.000 -0.417
24  0 -134.512  80.243 0.371 0.909 0.001 -0.000 -0.417
24  0 -134.280  79.976 0.372 0.909 0.001 -0.000 -0.417
24  0 -134.048  79.719 0.367 0.909 0.001 -0.000 -0.418
24  0 -133.803  79.458 0.360 0.907 0.000 -0.000 -0.421
24  0 -133.580  79.127 0.364 0.903 -0.000 0.000 -0.429
24  0 -133.358  78.821 0.359 0.898 -0.001 0.000 -0.439
25  0 -133.133  78.484 0.365 0.892 -0.001 0.001 -0.452
25  0 -132.927  78.132 0.368 0.883 -0.001 0.001 -0.469
25  0 -132.731  77.789 0.364 0.873 -0.002 0.001 -0.488
25  0 -132.572  77.389 0.365 0.859 -0.002 0.002 -0.513
25  0 -132.428  76.995 0.365 0.842 -0.003 0.002 -0.539
25  0 -132.307  76.587 0.358 0.823 -0.004 0.003 -0.568
25  0 -132.221  76.168 0.356 0.801 -0.004 0.003 -0.599
25  0 -132.174  75.733 0.357 0.776 -0.004 0.004 -0.630
25  0 -132.125  75.298 0.357 0.753 -0.004 0.004 -0.658
25  0 -132.116  74.813 0.359 0.741 -0.002 0.003 -0.671
25  0 -132.076  74.324 0.364 0.734 -0.001 0.002 -0.679
25  0 -132.041  73.841 0.362 0.732 -0.001 0.001 -0.682
25  0 -132.006  73.360 0.362 0.730 -0.001 0.001 -0.684
25  0 -131.970  72.882 0.363 0.729 -0.000 0.001 -0.685
25  0 -131.953  72.439 0.354 0.730 0.000 0.001 -0.683
25  0 -131.923  71.982 0.356 0.730 0.000 0.001 -0.683
25  0 -131.901  71.516 0.354 0.729 0.000 0.001 -0.685
25  0 -131.880  71.077 0.353 0.726 0.000 0.001 -0.688
25  0 -131.859  70.637 0.352 0.722 0.000 0.001 -0.691
25  0 -131.837  70.196 0.353 0.720 0.000 0.001 -0.694
26  0 -131.813  69.768 0.353 0.720 0.000 0.001 -0.694
26  0 -131.811  69.358 0.345 0.720 0.000 0.001 -0.694
26  0 -131.799  68.945 0.349 0.720 0.000 0.001 -0.694
26  0 -131.782  68.543 0.350 0.720 0.000 0.001 -0.694
26  0 -131.767  68.140 0.350 0.720 0.000 0.001 -0.694
26  0 -131.755  67.756 0.350 0.720 0.000 0.001 -0.694
26  0 -131.742  67.374 0.348 0.720 0.000 0.001 -0.694
26  0 -131.723  66.995 0.345 0.720 0.000 0.001 -0.694
26  0 -131.707  66.615 0.342 0.720 0.000 0.000 -0.694
26  0 -131.692  66.236 0.341 0.720 0.000 0.000 -0.694
26  0 -131.680  65.853 0.341 0.720 0.000 0.000 -0.694
26  0 -131.664  65.468 0.344 0.720 0.001 0.000 -0.694
26  0 -131.651  65.071 0.347 0.720 0.001 0.000 -0.694
26  0 -131.636  64.663 0.346 0.720 0.001 0.000 -0.694
26  0 -131.622  64.249 0.345 0.720 0.000 0.000 -0.694
26  0 -131.605  63.822 0.341 0.720 0.000 -0.000 -0.694
26  0 -131.589  63.390 0.339 0.720 0.000 -0.000 -0.694
26  0 -131.571  62.945 0.340 0.720 0.000 -0.000 -0.694
26  0 -131.554  62.477 0.342 0.720 0.000 -0.000 -0.694
26  0 -131.537  62.015 0.345 0.720 0.000 0.000 -0.694
27  0 -131.518  61.530 0.341 0.720 0.000 -0.000 -0.694
27  0 -131.497  61.037 0.345 0.720 0.000 -0.000 -0.694
27  0 -131.479  60.539 0.347 0.720 0.000 -0.000 -0.694
27  0 -131.463  60.014 0.344 0.720 0.000 -0.000 -0.694
27  0 -131.446  59.493 0.341 0.720 0.000 -0.000 -0.694
27  0 -131.423  58.960 0.341 0.720 0.000 -0.000 -0.694
27  0 -131.403  58.422 0.341 0.720 0.000 -0.000 -0.694
27  0 -131.382  57.853 0.343 0.720 0.000 -0.000 -0.694
27  0 -131.363  57.285 0.342 0.720 0.000 -0.000 -0.694
27  0 -131.340  56.711 0.343 0.720 0.000 -0.000 -0.694
27  0 -131.314  56.106 0.342 0.720 0.000 -0.000 -0.694
27  0 -131.292  55.505 0.340 0.720 0.000 -0.000 -0.694
27  0 -131.272  54.902 0.339 0.720 -0.000 -0.000 -0.694
27  0 -131.249  54.292 0.339 0.720 -0.000 -0.000 -0.694
27  0 -131.224  53.653 0.337 0.720 0.000 -0.000 -0.694
27  0 -131.200  53.016 0.337 0.720 0.000 -0.000 -0.694
27  0 -131.181  52.392 0.336 0.720 0.000 -0.000 -0.694
27  0 -131.156  51.765 0.335 0.720 0.000 0.000 -0.694
27  0 -131.135  51.123 0.335 0.720 0.000 0.000 -0.694
27  0 -131.111  50.521 0.337 0.720 0.000 0.000 -0.694
28  0 -131.089  49.948 0.339 0.720 0.001 0.000 -0.694
28  0 -131.068  49.377 0.340 0.720 0.001 0.000 -0.694
28  0 -131.045  48.789 0.338 0.720 0.001 0.000 -0.694
28  0 -131.024  48.200 0.337 0.720 0.001 0.000 -0.694
28  0 -131.005  47.631 0.338 0.720 0.001 0.000 -0.694
28  0 -130.986  47.042 0.337 0.720 0.001 0.000 -0.694
28  0 -130.965  46.522 0.335 0.720 0.000 0.000 -0.694
28  0 -130.944  46.003 0.335 0.720 0.001 0.000 -0.694
28  0 -130.925  45.478 0.338 0.720 0.001 0.000 -0.694
28  0 -130.911  44.948 0.341 0.719 0.000 0.000 -0.695
28  0 -130.900  44.424 0.342 0.717 0.000 0.000 -0.697
28  0 -130.885  43.921 0.341 0.716 0.000 0.000 -0.698
28  0 -130.872  43.425 0.339 0.715 0.000 0.000 -0.699
28  0 -130.858  42.941 0.339 0.715 0.000 0.000 -0.699
28  0 -130.851  42.472 0.341 0.715 0.001 0.000 -0.699
28  0 -130.846  42.001 0.341 0.714 0.000 0.000 -0.700
28  0 -130.848  41.556 0.342 0.710 0.000 0.001 -0.705
28  0 -130.857  41.097 0.341 0.704 -0.000 0.001 -0.710
28  0 -130.866  40.671 0.344 0.701 0.000 0.001 -0.713
28  0 -130.874  40.256 0.344 0.699 0.000 0.001 -0.715
29  0 -130.883  39.847 0.345 0.699 0.000 0.001 -0.716
29  0 -130.894  39.438 0.346 0.698 0.000 0.000 -0.716
29  0 -130.905  39.027 0.346 0.698 0.000 0.000 -0.716
29  0 -130.914  38.578 0.343 0.699 0.000 0.000 -0.715
29  0 -130.922  38.197 0.344 0.699 0.000 0.000 -0.715
29  0 -130.930  37.803 0.345 0.699 0.000 0.000 -0.715
29  0 -130.940  37.424 0.346 0.699 0.000 0.000 -0.715
29  0 -130.945  37.046 0.345 0.699 0.000 -0.000 -0.715
29  0 -130.952  36.676 0.343 0.699 0.000 -0.000 -0.715
29  0 -130.960  36.313 0.343 0.700 0.001 -0.000 -0.715
29  0 -130.959  35.976 0.344 0.702 0.001 -0.001 -0.712
29  0 -130.952  35.634 0.347 0.707 0.001 -0.001 -0.708
29  0 -130.940  35.277 0.345 0.712 0.001 -0.001 -0.702
29  0 -130.923  34.959 0.345 0.715 0.001 -0.001 -0.699
29  0 -130.917  34.637 0.345 0.716 0.001 -0.000 -0.698
29  0 -130.908  34.314 0.345 0.717 0.001 -0.000 -0.697
29  0 -130.900  34.007 0.342 0.716 0.001 -0.000 -0.698
29  0 -130.890  33.677 0.343 0.716 0.001 -0.000 -0.698
29  0 -130.881  33.382 0.346 0.716 0.001 -0.000 -0.698
29  0 -130.877  33.088 0.350 0.715 0.000 -0.000 -0.699
30  0 -130.873  32.796 0.352 0.715 0.000 -0.000 -0.700
30  0 -130.870  32.514 0.350 0.714 0.000 -0.000 -0.701
30  0 -130.863  32.228 0.348 0.713 0.000 -0.000 -0.701
30  0 -130.862  31.961 0.347 0.713 0.000 -0.000 -0.701
30  0 -130.853  31.705 0.347 0.713 0.000 -0.000 -0.701
30  0 -130.849  31.429 0.347 0.713 0.000 -0.000 -0.701
30  0 -130.843  31.184 0.348 0.713 0.000 -0.000 -0.701
30  0 -130.839  30.938 0.349 0.713 0.000 -0.000 -0.701
30  0 -130.835  30.689 0.350 0.713 0.000 -0.000 -0.701
30  0 -130.833  30.441 0.349 0.713 0.000 -0.000 -0.701
30  0 -130.827  30.197 0.350 0.713 0.000 -0.000 -0.701
30  0 -130.827  29.950 0.350 0.713 0.000 -0.000 -0.701
30  0 -130.816  29.720 0.347 0.713 0.000 -0.000 -0.701
30  0 -130.816  29.464 0.349 0.713 0.000 -0.001 -0.701
30  0 -130.806  29.225 0.350 0.713 0.000 -0.001 -0.701
30  0 -130.802  28.973 0.353 0.713 0.000 -0.001 -0.701
30  0 -130.798  28.720 0.355 0.713 0.000 -0.001 -0.701
30  0 -130.794  28.449 0.353 0.713 0.000 -0.001 -0.701
30  0 -130.787  28.199 0.349 0.713 0.000 -0.001 -0.701
30  0 -130.788  27.908 0.352 0.713 -0.000 -0.001 -0.701
31  0 -130.777  27.656 0.355 0.713 -0.000 -0.001 -0.701
31  0 -130.772  27.348 0.356 0.713 -0.000 -0.001 -0.701
31  0 -130.770  27.052 0.354 0.713 -0.000 -0.001 -0.701
31  0 -130.763  26.746 0.351 0.713 -0.000 -0.001 -0.701
31  0 -130.761  26.436 0.350 0.713 -0.000 -0.001 -0.701
31  0 -130.751  26.113 0.351 0.713 -0.000 -0.001 -0.701
31  0 -130.743  25.770 0.353 0.713 0.000 -0.001 -0.701
31  0 -130.741  25.408 0.354 0.713 0.000 -0.001 -0.701
31  0 -130.733  25.052 0.355 0.713 -0.000 -0.001 -0.701
31  0 -130.723  24.695 0.355 0.714 0.000 -0.001 -0.701
31  0 -130.718  24.309 0.351 0.713 0.000 -0.001 -0.701
31  0 -130.714  23.896 0.350 0.713 -0.000 -0.001 -0.701
31  0 -130.709  23.481 0.350 0.713 -0.000 -0.001 -0.701
31  0 -130.698  23.057 0.351 0.713 -0.000 -0.001 -0.701
31  0 -130.683  22.652 0.350 0.713 0.000 -0.001 -0.701
31  0 -130.675  22.220 0.349 0.713 0.000 -0.001 -0.701
31  0 -130.668  21.745 0.352 0.713 0.000 -0.001 -0.701
31  0 -130.662  21.292 0.357 0.713 -0.000 -0.001 -0.701
31  0 -130.657  20.807 0.359 0.712 -0.000 -0.001 -0.702
31  0 -130.653  20.322 0.360 0.710 -0.000 -0.001 -0.704
32  0 -130.657  19.812 0.360 0.709 -0.000 -0.001 -0.705
32  0 -130.661  19.301 0.359 0.708 -0.000 -0.001 -0.706
32  0 -130.663  18.782 0.359 0.708 -0.000 -0.001 -0.707
32  0 -130.652  18.245 0.361 0.708 -0.000 -0.001 -0.706
32  0 -130.646  17.700 0.362 0.709 -0.000 -0.001 -0.706
32  0 -130.650  17.150 0.363 0.708 -0.000 -0.001 -0.706
32  0 -130.648  16.591 0.364 0.708 -0.000 -0.001 -0.706
32  0 -130.642  16.003 0.363 0.708 0.000 -0.001 -0.706
32  0 -130.644  15.423 0.365 0.708 -0.000 -0.001 -0.706
32  0 -130.641  14.811 0.364 0.708 -0.000 -0.001 -0.706
32  0 -130.634  14.199 0.364 0.708 -0.000 -0.001 -0.706
32  0 -130.627  13.608 0.366 0.707 -0.000 -0.001 -0.707
32  0 -130.627  13.037 0.369 0.705 -0.001 -0.001 -0.710
32  0 -130.673  12.326 0.364 0.695 -0.001 0.000 -0.719
32  0 -130.707  11.691 0.370 0.684 -0.001 0.000 -0.729
32  0 -130.784  11.061 0.372 0.670 -0.001 0.001 -0.742
32  0 -130.872  10.442 0.375 0.654 -0.002 0.002 -0.757
32  0 -130.991  9.848 0.370 0.633 -0.002 0.002 -0.774
32  0 -131.138  9.271 0.372 0.610 -0.003 0.003 -0.792
32  0 -131.331  8.735 0.375 0.583 -0.003 0.004 -0.812
33  0 -131.545  8.220 0.376 0.554 -0.003 0.005 -0.832
33  0 -131.794  7.739 0.376 0.523 -0.003 0.005 -0.853
33  0 -132.074  7.301 0.379 -0.489 0.003 -0.006 0.872
33  0 -132.382  6.906 0.380 -0.452 0.002 -0.006 0.892
33  0 -132.704  6.547 0.381 -0.414 0.002 -0.007 0.910
33  0 -133.050  6.249 0.383 -0.374 0.002 -0.007 0.927
33  0 -133.402  5.990 0.379 -0.333 0.001 -0.007 0.943
33  0 -133.764  5.776 0.379 -0.291 0.001 -0.007 0.957
33  0 -134.132  5.609 0.379 -0.249 0.001 -0.007 0.968
33  0 -134.498  5.482 0.378 -0.207 0.000 -0.007 0.978
33  0 -134.877  5.405 0.376 -0.166 -0.000 -0.007 0.986
33  0 -135.233  5.354 0.372 -0.124 -0.001 -0.007 0.992
33  0 -135.595  5.305 0.369 -0.084 -0.001 -0.007 0.996
33  0 -135.950  5.334 0.370 -0.056 -0.001 -0.005 0.998
33  0 -136.301  5.329 0.367 -0.038 -0.001 -0.004 0.999
33  0 -136.650  5.321 0.369 -0.031 -0.001 -0.002 1.000
33  0 -137.006  5.303 0.369 -0.025 -0.001 -0.002 1.000
33  0 -137.318  5.288 0.368 -0.028 -0.001 -0.001 1.000
33  0 -137.646  5.274 0.367 -0.029 -0.001 -0.000 1.000
33  0 -137.975  5.254 0.367 -0.030 -0.001 -0.000 1.000
34  0 -138.272  5.234 0.367 -0.030 -0.001 0.000 1.000
34  0 -138.570  5.213 0.366 -0.030 -0.001 0.000 1.000
34  0 -138.869  5.193 0.366 -0.030 -0.001 0.000 1.000
34  0 -139.166  5.174 0.365 -0.030 -0.001 0.000 1.000
34  0 -139.455  5.157 0.365 -0.030 -0.001 0.000 1.000
34  0 -139.739  5.139 0.365 -0.030 -0.001 0.000 1.000
34  0 -140.020  5.122 0.365 -0.030 -0.001 0.001 1.000
34  0 -140.301  5.106 0.366 -0.030 -0.001 0.001 1.000
34  0 -140.592  5.091 0.369 -0.030 -0.001 0.001 1.000
34  0 -140.881  5.071 0.370 -0.031 -0.001 0.001 1.000
34  0 -141.179  5.030 0.369 -0.034 -0.001 0.001 0.999
34  0 -141.494  5.000 0.370 -0.040 -0.000 0.001 0.999
34  0 -141.821  4.980 0.371 -0.044 -0.000 0.001 0.999
34  0 -142.128  4.950 0.368 -0.046 -0.000 0.001 0.999
34  0 -142.465  4.909 0.363 -0.045 -0.000 0.001 0.999
34  0 -142.804  4.869 0.359 -0.045 -0.000 0.001 0.999
34  0 -143.186  4.844 0.363 -0.046 -0.000 0.001 0.999
34  0 -143.556  4.810 0.364 -0.046 0.000 0.001 0.999
34  0 -143.933  4.775 0.363 -0.045 -0.000 0.001 0.999
34  0 -144.334  4.739 0.361 -0.046 -0.000 0.001 0.999
35  0 -144.741  4.701 0.360 -0.046 -0.000 0.001 0.999
35  0 -145.165  4.664 0.361 -0.046 -0.000 0.001 0.999
35  0 -145.589  4.624 0.361 -0.046 -0.000 0.001 0.999
35  0 -146.029  4.583 0.361 -0.046 0.000 0.001 0.999
35  0 -146.469  4.538 0.358 -0.045 0.000 0.001 0.999
35  0 -146.947  4.498 0.357 -0.046 0.000 0.001 0.999
35  0 -147.419  4.457 0.355 -0.046 0.000 0.001 0.999
35  0 -147.895  4.406 0.357 -0.046 0.000 0.001 0.999
35  0 -148.383  4.357 0.357 -0.045 0.000 0.001 0.999
35  0 -148.896  4.312 0.355 -0.046 0.000 0.001 0.999
35  0 -149.419  4.262 0.354 -0.046 0.000 0.001 0.999
35  0 -149.950  4.213 0.355 -0.046 0.000 0.001 0.999
35  0 -150.489  4.167 0.353 -0.046 0.000 0.001 0.999
35  0 -151.051  4.116 0.356 -0.046 0.000 0.001 0.999
35  0 -151.615  4.064 0.358 -0.046 0.000 0.001 0.999
35  0 -152.204  4.012 0.361 -0.046 -0.000 0.001 0.999
35  0 -152.795  3.964 0.365 -0.045 -0.000 0.000 0.999
35  0 -153.374  3.920 0.361 -0.042 -0.000 0.000 0.999
35  0 -153.970  3.860 0.358 -0.039 -0.000 0.000 0.999
35  0 -154.586  3.811 0.358 -0.038 -0.000 0.000 0.999
36  0 -155.211  3.765 0.357 -0.037 -0.000 0.000 0.999
36  0 -155.807  3.724 0.354 -0.038 -0.000 0.000 0.999
36  0 -156.378  3.680 0.357 -0.038 -0.000 0.000 0.999
36  0 -156.951  3.634 0.358 -0.037 -0.000 0.001 0.999
36  0 -157.544  3.591 0.360 -0.038 -0.001 0.000 0.999
36  0 -158.113  3.550 0.360 -0.038 -0.001 0.000 0.999
36  0 -158.676  3.506 0.357 -0.038 -0.001 0.000 0.999
36  0 -159.217  3.466 0.353 -0.036 -0.001 0.001 0.999
36  0 -159.759  3.427 0.349 -0.034 -0.001 0.000 0.999
36  0 -160.287  3.397 0.352 -0.031 -0.001 0.000 1.000
36  0 -160.838  3.363 0.353 -0.030 -0.001 0.001 1.000
36  0 -161.346  3.331 0.354 -0.031 -0.001 0.001 1.000
36  0 -161.843  3.302 0.352 -0.031 -0.001 0.001 1.000
36  0 -162.316  3.269 0.353 -0.030 -0.001 0.001 1.000
36  0 -162.819  3.242 0.351 -0.030 -0.001 0.000 1.000
36  0 -163.299  3.215 0.351 -0.029 -0.001 0.001 1.000
36  0 -163.732  3.189 0.354 -0.024 -0.001 0.000 1.000
36  0 -164.218  3.182 0.353 -0.019 -0.001 0.000 1.000
36  0 -164.714  3.167 0.352 -0.016 -0.001 0.000 1.000
36  0 -165.138  3.149 0.354 -0.017 -0.001 0.001 1.000
37  0 -165.579  3.137 0.353 -0.016 -0.001 0.001 1.000
37  0 -166.017  3.123 0.352 -0.016 -0.001 0.001 1.000
37  0 -166.429  3.108 0.350 -0.016 -0.001 0.001 1.000
37  0 -166.842  3.095 0.350 -0.016 -0.001 0.001 1.000
37  0 -167.254  3.082 0.351 -0.016 -0.001 0.001 1.000
37  0 -167.665  3.070 0.352 -0.015 -0.001 0.000 1.000
37  0 -168.049  3.070 0.351 -0.011 -0.001 0.000 1.000
37  0 -168.416  3.070 0.349 -0.005 -0.001 0.000 1.000
37  0 -168.819  3.075 0.352 0.000 -0.001 0.000 1.000
37  0 -169.214  3.085 0.356 0.003 -0.001 0.000 1.000
37  0 -169.547  3.083 0.359 0.003 -0.001 0.000 1.000
37  0 -169.921  3.082 0.355 0.003 -0.001 0.000 1.000
37  0 -170.270  3.089 0.354 0.003 -0.001 0.000 1.000
37  0 -170.615  3.091 0.353 0.003 -0.001 0.000 1.000
37  0 -170.953  3.091 0.354 0.003 -0.001 0.000 1.000
37  0 -171.292  3.089 0.355 0.003 -0.001 0.000 1.000
37  0 -171.609  3.092 0.353 0.003 -0.001 0.001 1.000
37  0 -171.937  3.092 0.350 0.003 -0.001 0.001 1.000
37  0 -172.250  3.098 0.346 0.003 -0.001 0.001 1.000
37  0 -172.568  3.101 0.348 0.004 -0.001 0.001 1.000
38  0 -172.868  3.101 0.349 0.007 -0.001 0.001 1.000
38  0 -173.141  3.128 0.350 0.014 -0.001 0.000 1.000
38  0 -173.437  3.155 0.354 0.022 -0.001 -0.000 1.000
38  0 -173.734  3.183 0.354 0.031 -0.001 -0.000 1.000
38  0 -173.989  3.222 0.354 0.043 -0.001 -0.001 0.999
38  0 -174.244  3.260 0.355 0.055 -0.001 -0.001 0.999
38  0 -174.488  3.315 0.358 0.069 -0.001 -0.001 0.998
38  0 -174.740  3.401 0.358 0.087 -0.001 -0.001 0.996
38  0 -174.980  3.477 0.360 0.104 -0.001 -0.001 0.995
38  0 -175.202  3.573 0.354 0.122 -0.001 -0.001 0.993
38  0 -175.423  3.667 0.350 0.140 -0.001 -0.001 0.990
38  0 -175.646  3.784 0.355 0.150 -0.001 -0.001 0.989
38  0 -175.854  3.855 0.355 0.151 -0.001 0.001 0.989
38  0 -176.070  3.926 0.354 0.151 -0.001 0.001 0.989
38  0 -176.289  3.992 0.355 0.151 -0.001 0.001 0.989
38  0 -176.506  4.060 0.355 0.151 -0.001 0.001 0.989
38  0 -176.723  4.127 0.354 0.151 -0.001 0.001 0.989
38  0 -176.924  4.192 0.353 0.151 -0.001 0.001 0.989
38  0 -177.126  4.256 0.352 0.151 -0.001 0.001 0.989
38  0 -177.322  4.319 0.352 0.151 -0.001 0.001 0.989
39  0 -177.523  4.377 0.353 0.151 -0.001 0.001 0.989
39  0 -177.717  4.439 0.354 0.151 -0.001 0.001 0.989
39  0 -177.915  4.497 0.358 0.151 -0.000 0.001 0.989
39  0 -178.115  4.565 0.362 0.151 -0.000 0.001 0.989
39  0 -178.329  4.628 0.362 0.151 0.000 0.001 0.989
39  0 -178.545  4.697 0.361 0.151 0.000 0.001 0.989
39  0 -178.774  4.773 0.358 0.151 0.001 0.002 0.989
39  0 -179.004  4.848 0.356 0.151 0.001 0.002 0.989
39  0 -179.248  4.922 0.356 0.151 0.002 0.002 0.989
39  0 -179.502  4.993 0.361 0.151 0.003 0.001 0.989
39  0 -179.750  5.070 0.366 0.151 0.003 0.000 0.989
39  0 -180.011  5.148 0.370 0.151 0.004 -0.000 0.989
39  0 -180.272  5.233 0.366 0.151 0.004 -0.001 0.989
39  0 -180.546  5.317 0.364 0.151 0.004 -0.001 0.989
39  0 -180.825  5.405 0.363 0.151 0.004 -0.001 0.989
39  0 -181.115  5.499 0.363 0.151 0.004 -0.000 0.989
39  0 -181.425  5.596 0.365 0.152 0.004 0.000 0.988
39  0 -181.734  5.690 0.369 0.155 0.003 0.000 0.988
39  0 -182.052  5.825 0.368 0.164 0.001 0.001 0.986
39  0 -182.388  5.950 0.370 0.173 0.001 -0.000 0.985
40  0 -182.720  6.075 0.372 0.184 0.000 -0.000 0.983
40  0 -183.031  6.253 0.378 0.199 -0.001 -0.002 0.980
40  0 -183.367  6.422 0.377 0.215 -0.001 -0.002 0.977
40  0 -183.695  6.596 0.372 0.233 -0.001 -0.003 0.972
40  0 -184.013  6.832 0.378 0.257 -0.001 -0.005 0.966
40  0 -184.331  7.075 0.382 0.282 -0.001 -0.005 0.959
40  0 -184.648  7.336 0.378 0.308 -0.001 -0.006 0.951
40  0 -184.942  7.631 0.376 0.337 -0.001 -0.006 0.941
40  0 -185.225  7.928 0.374 0.368 -0.000 -0.007 0.930
40  0 -185.475  8.280 0.384 0.404 -0.001 -0.008 0.915
40  0 -185.712  8.642 0.386 0.440 -0.001 -0.009 0.898
40  0 -185.925  9.009 0.384 0.477 -0.002 -0.009 0.879
40  0 -186.069  9.429 0.386 0.517 -0.002 -0.009 0.856
40  0 -186.197  9.865 0.393 0.556 -0.002 -0.008 0.831
40  0 -186.288  10.300 0.391 0.595 -0.004 -0.008 0.804
40  0 -186.340  10.749 0.388 0.633 -0.005 -0.008 0.774
40  0 -186.350  11.210 0.391 0.670 -0.006 -0.007 0.742
40  0 -186.311  11.662 0.395 0.705 -0.006 -0.006 0.710
40  0 -186.253  12.141 0.398 0.731 -0.006 -0.004 0.682
40  0 -186.208  12.629 0.398 0.748 -0.005 -0.003 0.663
41  0 -186.111  13.133 0.394 0.754 -0.003 -0.002 0.657
41  0 -186.051  13.633 0.392 0.757 -0.002 -0.002 0.653
41  0 -185.990  14.145 0.391 0.759 -0.002 -0.002 0.651
41  0 -185.878  14.697 0.395 0.758 -0.002 -0.001 0.652
41  0 -185.797  15.241 0.393 0.759 -0.002 -0.001 0.652
41  0 -185.717  15.784 0.394 0.759 -0.001 -0.001 0.651
41  0 -185.634  16.340 0.394 0.759 -0.001 -0.001 0.651
41  0 -185.548  16.911 0.393 0.759 -0.001 -0.001 0.651
41  0 -185.456  17.494 0.391 0.759 -0.001 -0.001 0.651
41  0 -185.365  18.087 0.389 0.759 -0.001 -0.001 0.651
41  0 -185.274  18.680 0.388 0.759 -0.001 -0.001 0.651
41  0 -185.183  19.301 0.392 0.759 -0.001 -0.001 0.651
41  0 -185.099  19.908 0.396 0.758 -0.000 -0.001 0.653
41  0 -185.022  20.529 0.399 0.754 -0.000 -0.000 0.657
41  0 -184.953  21.172 0.397 0.748 0.000 0.000 0.663
41  0 -184.862  21.857 0.394 0.743 0.000 -0.000 0.669
41  0 -184.792  22.517 0.392 0.740 0.000 -0.000 0.673
41  0 -184.725  23.176 0.390 0.738 0.000 -0.000 0.675
41  0 -184.665  23.832 0.391 0.738 0.000 -0.000 0.675
41  0 -184.597  24.576 0.392 0.739 0.000 -0.000 0.674
42  0 -184.534  25.259 0.391 0.739 -0.000 -0.000 0.674
42  0 -184.490  25.932 0.391 0.737 0.000 0.000 0.675
42  0 -184.445  26.619 0.393 0.734 0.000 0.000 0.679
42  0 -184.406  27.297 0.396 0.727 0.000 0.001 0.687
42  0 -184.390  27.935 0.394 0.716 0.001 0.001 0.698
42  0 -184.390  28.579 0.394 0.703 0.001 0.002 0.711
42  0 -184.429  29.236 0.396 0.686 0.001 0.003 0.728
42  0 -184.494  29.865 0.401 0.667 0.001 0.003 0.745
42  0 -184.592  30.459 0.398 0.646 0.002 0.004 0.763
42  0 -184.714  31.051 0.394 0.625 0.002 0.004 0.781
42  0 -184.846  31.597 0.392 0.610 0.001 0.003 0.793
42  0 -184.996  32.172 0.397 0.604 0.000 0.003 0.797
42  0 -185.148  32.722 0.396 0.600 0.000 0.002 0.800
42  0 -185.295  33.245 0.395 0.599 0.000 0.002 0.801
42  0 -185.449  33.761 0.392 0.598 -0.000 0.002 0.801
42  0 -185.605  34.294 0.391 0.598 -0.000 0.001 0.801
42  0 -185.756  34.811 0.388 0.598 -0.000 0.001 0.801
42  0 -185.896  35.301 0.388 0.600 -0.001 0.001 0.800
42  0 -186.034  35.778 0.389 0.603 -0.001 0.000 0.797
42  0 -186.159  36.251 0.385 0.610 -0.001 -0.000 0.793
43  0 -186.263  36.753 0.385 0.621 -0.002 -0.001 0.784
43  0 -186.351  37.239 0.387 0.632 -0.002 -0.002 0.775
43  0 -186.418  37.703 0.385 0.645 -0.003 -0.002 0.764
43  0 -186.464  38.158 0.386 0.660 -0.003 -0.002 0.751
43  0 -186.495  38.606 0.385 0.674 -0.003 -0.002 0.739
43  0 -186.521  39.025 0.383 0.682 -0.003 -0.002 0.731
43  0 -186.549  39.482 0.386 0.683 -0.002 -0.001 0.730
43  0 -186.575  39.922 0.386 0.685 -0.002 -0.001 0.729
43  0 -186.600  40.333 0.384 0.685 -0.002 -0.001 0.728
43  0 -186.624  40.733 0.384 0.686 -0.002 -0.001 0.728
43  0 -186.650  41.150 0.386 0.686 -0.002 -0.001 0.728
43  0 -186.676  41.551 0.385 0.686 -0.002 -0.001 0.728
43  0 -186.699  41.937 0.383 0.686 -0.002 -0.001 0.728
43  0 -186.720  42.322 0.383 0.686 -0.002 -0.001 0.728
43  0 -186.740  42.681 0.384 0.687 -0.002 -0.001 0.727
43  0 -186.762  43.035 0.383 0.689 -0.002 -0.001 0.725
43  0 -186.765  43.408 0.383 0.693 -0.002 -0.001 0.721
43  0 -186.780  43.778 0.383 0.694 -0.002 -0.001 0.720
43  0 -186.792  44.131 0.384 0.694 -0.001 -0.001 0.720
43  0 -186.800  44.467 0.388 0.694 -0.002 -0.001 0.720
44  0 -186.810  44.800 0.388 0.694 -0.001 -0.001 0.720
44  0 -186.829  45.134 0.387 0.694 -0.001 -0.001 0.720
44  0 -186.840  45.451 0.390 0.694 -0.001 -0.001 0.720
44  0 -186.852  45.784 0.389 0.694 -0.001 -0.001 0.720
44  0 -186.861  46.101 0.388 0.695 -0.001 -0.001 0.719
44  0 -186.866  46.387 0.392 0.697 -0.002 -0.001 0.718
44  0 -186.880  46.702 0.387 0.697 -0.001 -0.001 0.717
44  0 -186.888  46.980 0.386 0.697 -0.001 -0.001 0.717
44  0 -186.890  47.282 0.388 0.697 -0.001 -0.001 0.717
44  0 -186.900  47.538 0.388 0.698 -0.001 -0.001 0.716
44  0 -186.907  47.832 0.388 0.697 -0.001 -0.001 0.717
44  0 -186.912  48.069 0.387 0.698 -0.001 -0.001 0.717
44  0 -186.918  48.363 0.387 0.697 -0.001 -0.001 0.717
44  0 -186.929  48.619 0.391 0.697 -0.002 -0.001 0.717
44  0 -186.938  48.877 0.393 0.697 -0.001 -0.001 0.717
44  0 -186.943  49.138 0.392 0.697 -0.001 -0.001 0.717
44  0 -186.950  49.393 0.390 0.697 -0.001 -0.001 0.717
44  0 -186.959  49.664 0.389 0.697 -0.001 -0.001 0.717
44  0 -186.968  49.933 0.388 0.697 -0.001 -0.001 0.717
44  0 -186.968  50.237 0.393 0.697 -0.001 -0.001 0.717
45  0 -186.986  50.519 0.393 0.697 -0.001 -0.001 0.717
45  0 -186.995  50.836 0.389 0.697 -0.001 -0.001 0.717
45  0 -187.004  51.156 0.387 0.697 -0.001 -0.001 0.717
45  0 -187.009  51.470 0.387 0.697 -0.001 -0.001 0.717
45  0 -187.021  51.821 0.387 0.697 -0.001 -0.001 0.717
45  0 -187.032  52.169 0.388 0.697 -0.001 -0.001 0.717
45  0 -187.038  52.520 0.391 0.697 -0.001 -0.001 0.717
45  0 -187.053  52.901 0.388 0.697 -0.001 -0.001 0.717
45  0 -187.064  53.305 0.389 0.697 -0.001 -0.001 0.717
45  0 -187.077  53.704 0.390 0.697 -0.001 -0.001 0.717
45  0 -187.089  54.089 0.390 0.697 -0.001 -0.001 0.717
45  0 -187.101  54.485 0.389 0.697 -0.001 -0.001 0.717
45  0 -187.110  54.924 0.389 0.697 -0.001 -0.001 0.717
45  0 -187.122  55.368 0.387 0.697 -0.001 -0.001 0.717
45  0 -187.135  55.824 0.384 0.697 -0.001 -0.001 0.717
45  0 -187.147  56.292 0.384 0.697 -0.001 -0.002 0.717
45  0 -187.161  56.772 0.384 0.697 -0.001 -0.002 0.717
45  0 -187.177  57.265 0.387 0.697 -0.001 -0.002 0.717
45  0 -187.197  57.764 0.387 0.697 -0.001 -0.001 0.717
45  0 -187.212  58.283 0.387 0.697 -0.001 -0.001 0.717
46  0 -187.227  58.808 0.386 0.697 -0.001 -0.001 0.717
46  0 -187.241  59.333 0.386 0.697 -0.001 -0.001 0.717
46  0 -187.257  59.871 0.385 0.697 -0.001 -0.002 0.717
46  0 -187.269  60.429 0.386 0.697 -0.001 -0.002 0.717
46  0 -187.286  60.981 0.386 0.697 -0.001 -0.002 0.717
46  0 -187.303  61.553 0.386 0.697 -0.001 -0.002 0.717
46  0 -187.320  62.164 0.382 0.697 -0.001 -0.002 0.717
46  0 -187.336  62.776 0.380 0.697 -0.001 -0.002 0.717
46  0 -187.351  63.375 0.383 0.697 -0.001 -0.002 0.717
46  0 -187.361  63.971 0.386 0.697 -0.001 -0.002 0.717
46  0 -187.389  64.629 0.386 0.697 -0.001 -0.001 0.717
46  0 -187.408  65.277 0.387 0.697 -0.001 -0.002 0.717
46  0 -187.427  65.920 0.387 0.697 -0.001 -0.002 0.717
46  0 -187.446  66.564 0.389 0.697 -0.001 -0.002 0.717
46  0 -187.466  67.241 0.390 0.697 -0.001 -0.002 0.717
46  0 -187.479  67.909 0.391 0.697 -0.001 -0.002 0.717
46  0 -187.492  68.621 0.391 0.697 -0.001 -0.002 0.717
46  0 -187.508  69.327 0.392 0.697 -0.001 -0.002 0.717
46  0 -187.540  70.028 0.390 0.697 -0.001 -0.002 0.717
46  0 -187.559  70.759 0.392 0.697 -0.001 -0.002 0.717
47  0 -187.577  71.484 0.392 0.697 -0.001 -0.002 0.717
47  0 -187.593  72.218 0.393 0.697 -0.001 -0.002 0.717
47  0 -187.610  72.967 0.394 0.699 -0.001 -0.002 0.715
47  0 -187.634  73.719 0.393 0.702 -0.001 -0.002 0.712
47  0 -187.633  74.474 0.396 0.710 -0.002 -0.003 0.704
47  0 -187.620  75.241 0.397 0.720 -0.002 -0.003 0.694
47  0 -187.558  75.941 0.397 0.734 -0.003 -0.003 0.679
47  0 -187.484  76.652 0.393 0.748 -0.004 -0.003 0.664
47  0 -187.376  77.358 0.390 0.762 -0.006 -0.002 0.648
47  0 -187.252  78.036 0.382 0.778 -0.009 0.001 0.628
47  0 -187.079  78.683 0.374 0.797 -0.011 0.002 0.604
47  0 -186.906  79.330 0.367 0.816 -0.011 0.002 0.578
47  0 -186.662  79.877 0.370 0.839 -0.013 0.001 0.544
47  0 -186.401  80.402 0.366 0.861 -0.012 -0.001 0.508
47  0 -186.100  80.886 0.360 0.882 -0.010 -0.003 0.471
47  0 -185.778  81.324 0.356 0.901 -0.009 -0.004 0.434
47  0 -185.423  81.710 0.356 0.918 -0.009 -0.005 0.396
47  0 -185.039  82.043 0.360 0.934 -0.008 -0.005 0.357
47  0 -184.654  82.324 0.361 0.949 -0.008 -0.004 0.316
47  0 -184.246  82.546 0.361 0.961 -0.008 -0.004 0.276
48  0 -183.846  82.740 0.364 0.972 -0.008 -0.003 0.234
48  0 -183.447  82.863 0.364 0.981 -0.008 -0.002 0.193
48  0 -183.037  82.935 0.367 0.988 -0.008 -0.001 0.152
48  0 -182.630  83.004 0.366 0.993 -0.006 -0.001 0.120
48  0 -182.242  83.084 0.363 0.995 -0.005 0.000 0.101
48  0 -181.808  83.174 0.365 0.996 -0.003 0.001 0.089
48  0 -181.467  83.205 0.363 0.996 -0.002 0.001 0.088
48  0 -181.094  83.272 0.367 0.996 -0.002 0.000 0.087
48  0 -180.711  83.336 0.373 0.996 -0.001 0.000 0.085
48  0 -180.351  83.398 0.374 0.996 -0.001 0.000 0.085
48  0 -179.993  83.458 0.375 0.996 -0.001 -0.000 0.085
48  0 -179.624  83.523 0.370 0.996 -0.001 -0.000 0.085
48  0 -179.261  83.586 0.364 0.996 -0.000 -0.000 0.085
48  0 -178.893  83.648 0.364 0.996 -0.000 -0.001 0.085
48  0 -178.505  83.714 0.368 0.996 -0.000 -0.001 0.085
48  0 -178.119  83.777 0.373 0.996 -0.000 -0.001 0.085
48  0 -177.716  83.842 0.371 0.996 -0.000 -0.001 0.085
48  0 -177.303  83.915 0.369 0.996 0.000 -0.001 0.085
48  0 -176.883  83.987 0.369 0.996 0.000 -0.001 0.085
48  0 -176.463  84.060 0.369 0.996 0.000 -0.001 0.085
49  0 -176.009  84.128 0.370 0.997 -0.001 -0.001 0.077
49  0 -175.552  84.177 0.370 0.998 -0.001 -0.001 0.066
49  0 -175.087  84.210 0.374 0.999 -0.001 -0.001 0.054
49  0 -174.574  84.278 0.371 0.999 -0.001 -0.001 0.047
49  0 -174.095  84.298 0.373 0.999 -0.000 -0.001 0.047
49  0 -173.606  84.337 0.372 0.999 -0.000 -0.001 0.047
49  0 -173.105  84.385 0.372 0.999 0.000 -0.001 0.046
49  0 -172.581  84.435 0.373 0.999 0.000 -0.002 0.046
49  0 -172.034  84.483 0.375 0.999 -0.000 -0.002 0.044
49  0 -171.490  84.525 0.376 0.999 0.000 -0.001 0.041
49  0 -170.945  84.571 0.376 0.999 0.000 -0.001 0.039
49  0 -170.380  84.630 0.373 0.999 0.000 -0.001 0.038
49  0 -169.775  84.672 0.378 0.999 0.000 -0.001 0.038
49  0 -169.166  84.711 0.381 0.999 0.000 -0.001 0.038
49  0 -168.588  84.747 0.377 0.999 0.000 -0.001 0.038
49  0 -167.990  84.784 0.375 0.999 0.000 -0.001 0.037
49  0 -167.363  84.817 0.379 1.000 -0.000 -0.001 0.030
49  0 -166.738  84.847 0.382 1.000 -0.001 -0.001 0.022
49  0 -166.087  84.855 0.380 1.000 -0.001 -0.001 0.009
49  0 -165.399  84.869 0.379 1.000 -0.000 -0.001 0.001
50  0 -164.771  84.867 0.378 1.000 -0.000 -0.001 -0.000
50  0 -164.075  84.865 0.380 1.000 -0.000 -0.001 -0.001
50  0 -163.408  84.871 0.380 1.000 0.000 -0.001 -0.002
50  0 -162.719  84.868 0.380 1.000 0.000 -0.001 -0.003
50  0 -162.014  84.868 0.379 1.000 0.000 -0.001 -0.003
50  0 -161.310  84.867 0.378 1.000 0.000 -0.001 -0.004
50  0 -160.580  84.860 0.378 1.000 -0.000 -0.001 -0.004
50  0 -159.859  84.852 0.379 1.000 -0.000 -0.001 -0.003
50  0 -159.132  84.846 0.379 1.000 0.000 -0.001 -0.003
50  0 -158.398  84.841 0.380 1.000 0.000 -0.001 -0.003
50  0 -157.601  84.832 0.384 1.000 0.000 -0.001 -0.003
50  0 -156.825  84.831 0.382 1.000 0.000 -0.001 -0.004
50  0 -155.881  84.823 0.384 1.000 0.001 -0.001 -0.003
50  0 -155.090  84.818 0.378 1.000 0.000 -0.000 -0.003
50  0 -154.331  84.817 0.376 1.000 0.001 -0.000 -0.003
50  0 -153.541  84.808 0.376 1.000 0.000 -0.000 -0.004
50  0 -152.794  84.804 0.375 1.000 0.001 -0.000 -0.004
50  0 -152.041  84.800 0.374 1.000 0.001 -0.000 -0.004
50  0 -151.312  84.793 0.373 1.000 0.001 -0.000 -0.004
50  0 -150.577  84.786 0.374 1.000 0.001 -0.000 -0.004
51  0 -149.863  84.781 0.373 1.000 0.001 0.000 -0.004
51  0 -149.168  84.774 0.374 1.000 0.001 0.000 -0.004
51  0 -148.473  84.772 0.376 1.000 0.001 0.001 -0.004
51  0 -147.792  84.767 0.375 1.000 0.001 0.001 -0.004
51  0 -147.126  84.762 0.374 1.000 0.001 0.001 -0.004
51  0 -146.466  84.754 0.374 1.000 0.001 0.001 -0.004
51  0 -145.807  84.747 0.374 1.000 0.001 0.001 -0.003
51  0 -145.198  84.749 0.377 1.000 0.002 0.001 0.005
51  0 -144.573  84.799 0.380 1.000 0.002 0.001 0.019
51  0 -143.956  84.833 0.381 0.999 0.003 0.001 0.036
51  0 -143.372  84.922 0.378 0.998 0.004 0.001 0.059
51  0 -142.792  85.013 0.381 0.996 0.005 0.001 0.084
51  0 -142.228  85.164 0.384 0.993 0.006 0.001 0.116
51  0 -141.673  85.347 0.383 0.989 0.006 0.001 0.151
51  0 -141.140  85.562 0.383 0.982 0.007 0.001 0.189
51  0 -140.620  85.819 0.385 0.973 0.008 0.002 0.230
51  0 -140.141  86.116 0.381 0.962 0.008 0.002 0.274
51  0 -139.695  86.455 0.384 0.948 0.009 0.003 0.320
51  0 -139.276  86.833 0.386 0.931 0.009 0.003 0.365
51  0 -138.879  87.242 0.387 0.914 0.008 0.003 0.405
52  0 -138.484  87.694 0.383 0.902 0.007 0.003 0.432
52  0 -138.111  88.136 0.384 0.896 0.006 0.002 0.444
52  0 -137.733  88.610 0.385 0.892 0.005 0.002 0.451
52  0 -137.357  89.092 0.391 0.891 0.005 0.001 0.455
52  0 -136.985  89.604 0.397 0.890 0.004 0.001 0.456
52  0 -136.599  90.113 0.393 0.890 0.003 0.001 0.456
52  0 -136.220  90.636 0.387 0.890 0.003 0.000 0.456
52  0 -135.838  91.172 0.387 0.890 0.003 0.000 0.456
52  0 -135.440  91.718 0.389 0.890 0.002 0.000 0.457
52  0 -135.045  92.254 0.395 0.889 0.002 0.000 0.458
52  0 -134.661  92.837 0.397 0.886 0.002 -0.000 0.464
52  0 -134.277  93.400 0.400 0.881 0.003 0.000 0.473
52  0 -133.906  94.015 0.398 0.873 0.003 0.001 0.488
52  0 -133.559  94.628 0.402 0.864 0.003 0.001 0.504
52  0 -133.221  95.234 0.404 0.853 0.004 0.001 0.522
52  0 -132.917  95.917 0.407 0.838 0.005 0.002 0.545
52  0 -132.609  96.600 0.406 0.824 0.005 0.002 0.567
52  0 -132.362  97.282 0.399 0.816 0.004 0.001 0.579
52  0 -132.086  97.971 0.400 0.810 0.004 0.001 0.587
52  0 -131.837  98.701 0.407 0.808 0.003 0.001 0.590
53  0 -131.583  99.426 0.412 0.806 0.003 0.001 0.592
53  0 -131.331  100.152 0.412 0.805 0.003 0.001 0.594
53  0 -131.099  100.925 0.411 0.805 0.003 0.001 0.594
53  0 -130.858  101.684 0.411 0.804 0.003 0.000 0.594
53  0 -130.618  102.448 0.408 0.804 0.002 0.000 0.595
53  0 -130.377  103.237 0.409 0.804 0.002 0.000 0.595
53  0 -130.135  104.028 0.412 0.804 0.002 -0.000 0.595
53  0 -129.886  104.830 0.415 0.804 0.002 -0.000 0.595
53  0 -129.636  105.644 0.416 0.804 0.002 -0.000 0.595
53  0 -129.381  106.464 0.419 0.804 0.002 -0.000 0.595
53  0 -129.126  107.292 0.421 0.804 0.002 -0.001 0.595
53  0 -128.873  108.126 0.422 0.804 0.001 -0.001 0.595
53  0 -128.610  108.984 0.425 0.804 0.001 -0.001 0.595
53  0 -128.348  109.839 0.424 0.804 0.002 -0.001 0.595
53  0 -128.077  110.709 0.425 0.804 0.001 -0.001 0.595
53  0 -127.809  111.585 0.428 0.804 0.001 -0.001 0.595
53  0 -127.535  112.468 0.428 0.804 0.001 -0.001 0.595
53  0 -127.268  113.365 0.432 0.804 0.001 -0.001 0.595
53  0 -126.992  114.266 0.436 0.804 0.001 -0.001 0.595
53  0 -126.707  115.182 0.439 0.804 0.001 -0.001 0.595
54  0 -126.423  116.100 0.442 0.804 0.001 -0.001 0.595
54  0 -126.144  117.031 0.446 0.804 0.001 -0.001 0.595
54  0 -125.850  117.975 0.451 0.804 0.001 -0.001 0.595
54  0 -125.561  118.920 0.454 0.804 0.002 -0.001 0.595
54  0 -125.278  119.876 0.451 0.804 0.001 -0.001 0.595
54  0 -124.981  120.842 0.448 0.804 0.001 -0.001 0.595
54  0 -124.678  121.813 0.447 0.804 0.001 -0.001 0.595
54  0 -124.383  122.801 0.454 0.804 0.001 -0.001 0.595
54  0 -124.078  123.792 0.463 0.804 0.002 -0.001 0.595
54  0 -123.771  124.780 0.465 0.804 0.002 -0.001 0.595
54  0 -123.465  125.766 0.467 0.804 0.001 -0.001 0.595
54  0 -123.168  126.747 0.469 0.804 0.001 -0.001 0.595
54  0 -122.864  127.708 0.478 0.804 0.002 -0.001 0.595
54  0 -122.577  128.666 0.480 0.805 0.002 -0.001 0.593
54  0 -122.295  129.605 0.484 0.808 0.002 -0.001 0.589
54  0 -121.979  130.505 0.487 0.816 0.001 -0.002 0.579
54  0 -121.649  131.417 0.497 0.825 0.001 -0.002 0.565
54  0 -121.305  132.273 0.504 0.837 0.000 -0.003 0.547
54  0 -120.955  133.127 0.508 0.850 -0.001 -0.003 0.527
54  0 -120.543  133.911 0.517 0.866 -0.002 -0.003 0.500
55  0 -120.122  134.668 0.522 0.882 -0.003 -0.004 0.472
55  0 -119.676  135.371 0.525 0.898 -0.003 -0.005 0.440
55  0 -119.209  136.042 0.527 0.913 -0.003 -0.005 0.407
55  0 -118.692  136.657 0.537 0.928 -0.004 -0.005 0.373
55  0 -118.177  137.216 0.541 0.941 -0.005 -0.004 0.338
55  0 -117.626  137.719 0.546 0.953 -0.006 -0.003 0.301
55  0 -117.098  138.159 0.554 0.965 -0.007 -0.002 0.263
55  0 -116.538  138.538 0.557 0.975 -0.008 -0.002 0.223
55  0 -115.986  138.851 0.556 0.983 -0.008 -0.002 0.183
55  0 -115.450  139.098 0.565 0.989 -0.008 -0.002 0.145
55  0 -114.886  139.283 0.567 0.994 -0.008 -0.002 0.108
55  0 -114.334  139.425 0.571 0.997 -0.007 -0.002 0.081
55  0 -113.812  139.558 0.570 0.998 -0.006 -0.002 0.066
55  0 -113.268  139.653 0.575 0.998 -0.005 -0.001 0.059
55  0 -112.726  139.732 0.581 0.998 -0.004 -0.001 0.055
55  0 -112.205  139.804 0.584 0.999 -0.003 -0.000 0.053
55  0 -111.704  139.857 0.581 0.999 -0.003 -0.000 0.049
55  0 -111.185  139.899 0.583 0.999 -0.002 0.000 0.047
55  0 -110.686  139.956 0.584 0.999 -0.001 0.000 0.047
55  0 -110.202  139.993 0.583 0.999 -0.000 0.000 0.047
56  0 -109.730  140.034 0.581 0.999 0.000 0.000 0.045
56  0 -109.253  140.072 0.582 0.999 0.000 0.000 0.040
56  0 -108.815  140.091 0.582 1.000 0.000 0.000 0.030
56  0 -108.355  140.106 0.583 1.000 0.001 0.000 0.026
56  0 -107.896  140.119 0.584 1.000 0.001 0.000 0.022
56  0 -107.479  140.141 0.585 1.000 0.001 0.000 0.023
56  0 -107.031  140.160 0.585 1.000 0.002 0.000 0.023
56  0 -106.584  140.178 0.585 1.000 0.002 0.000 0.023
56  0 -106.174  140.187 0.583 1.000 0.002 0.000 0.016
56  0 -105.719  140.187 0.584 1.000 0.001 -0.000 0.008
56  0 -105.301  140.169 0.585 1.000 0.001 -0.000 -0.004
56  0 -104.843  140.153 0.584 1.000 0.001 -0.000 -0.014
56  0 -104.396  140.144 0.588 1.000 0.001 0.000 -0.021
56  0 -103.921  140.115 0.585 1.000 0.001 -0.000 -0.022
56  0 -103.447  140.088 0.584 1.000 0.002 -0.000 -0.022
56  0 -102.961  140.070 0.585 1.000 0.002 -0.000 -0.022
56  0 -102.463  140.050 0.587 1.000 0.002 -0.000 -0.022
56  0 -101.953  140.027 0.588 1.000 0.002 -0.000 -0.022
56  0 -101.426  140.003 0.586 1.000 0.002 -0.000 -0.022
56  0 -100.899  139.983 0.586 1.000 0.002 -0.000 -0.022
57  0 -100.367  139.958 0.585 1.000 0.002 -0.000 -0.022
57  0 -99.807  139.937 0.584 1.000 0.002 -0.000 -0.022
57  0 -99.243  139.901 0.585 1.000 0.002 -0.000 -0.024
57  0 -98.677  139.874 0.585 1.000 0.002 -0.000 -0.029
57  0 -98.082  139.835 0.587 0.999 0.001 -0.000 -0.040
57  0 -97.512  139.740 0.587 0.998 0.000 -0.000 -0.055
57  0 -96.899  139.641 0.587 0.997 -0.000 -0.000 -0.073
57  0 -96.322  139.538 0.587 0.996 -0.001 -0.000 -0.093
57  0 -95.699  139.412 0.585 0.995 -0.000 -0.000 -0.104
57  0 -95.067  139.292 0.586 0.994 0.000 -0.000 -0.111
57  0 -94.450  139.154 0.587 0.994 0.001 -0.000 -0.113
57  0 -93.828  139.012 0.586 0.994 0.001 -0.000 -0.114
57  0 -93.182  138.857 0.584 0.993 0.001 -0.000 -0.116
57  0 -92.537  138.685 0.585 0.992 0.001 -0.000 -0.124
57  0 -91.885  138.503 0.583 0.991 0.000 0.000 -0.134
57  0 -91.244  138.323 0.583 0.990 0.001 -0.000 -0.141
57  0 -90.568  138.132 0.582 0.990 0.001 -0.000 -0.143
57  0 -89.884  137.935 0.580 0.990 0.001 -0.000 -0.144
57  0 -89.201  137.737 0.580 0.989 0.001 -0.000 -0.146
57  0 -88.500  137.531 0.580 0.989 0.001 -0.000 -0.146
58  0 -87.786  137.319 0.580 0.989 0.002 -0.000 -0.146
58  0 -87.071  137.105 0.580 0.989 0.002 -0.000 -0.146
58  0 -86.358  136.889 0.579 0.989 0.002 -0.000 -0.146
58  0 -85.635  136.668 0.578 0.989 0.002 -0.000 -0.146
58  0 -84.879  136.442 0.579 0.989 0.002 -0.000 -0.146
58  0 -84.125  136.213 0.579 0.989 0.002 -0.000 -0.146
58  0 -83.370  135.981 0.578 0.989 0.002 -0.000 -0.147
58  0 -82.604  135.737 0.573 0.988 0.001 -0.000 -0.156
58  0 -81.832  135.475 0.572 0.986 0.001 -0.000 -0.167
58  0 -81.044  135.203 0.574 0.985 0.001 -0.000 -0.174
58  0 -80.262  134.930 0.575 0.984 0.002 -0.000 -0.178
58  0 -79.474  134.646 0.575 0.984 0.002 -0.000 -0.180
58  0 -78.667  134.339 0.572 0.984 0.002 -0.000 -0.180
58  0 -77.863  134.035 0.571 0.983 0.002 -0.000 -0.182
58  0 -77.079  133.716 0.573 0.982 0.001 -0.000 -0.190
58  0 -76.292  133.382 0.572 0.980 0.001 -0.000 -0.201
58  0 -75.458  133.031 0.569 0.978 0.001 -0.000 -0.209
58  0 -74.619  132.666 0.570 0.976 0.001 -0.000 -0.216
58  0 -73.809  132.296 0.569 0.975 0.000 -0.000 -0.224
58  0 -72.997  131.897 0.572 0.972 -0.000 -0.000 -0.237
59  0 -72.176  131.466 0.567 0.967 -0.001 0.000 -0.254
59  0 -71.371  131.020 0.566 0.963 -0.001 0.001 -0.270
59  0 -70.559  130.549 0.566 0.959 -0.001 0.000 -0.282
59  0 -69.739  130.051 0.567 0.957 -0.000 0.000 -0.289
59  0 -68.924  129.551 0.567 0.955 -0.000 0.000 -0.295
59  0 -68.169  129.038 0.561 0.953 -0.001 0.001 -0.304
59  0 -67.366  128.486 0.561 0.948 -0.001 0.001 -0.319
59  0 -66.577  127.902 0.559 0.942 -0.002 0.001 -0.335
59  0 -65.803  127.291 0.555 0.938 -0.001 0.001 -0.346
59  0 -64.995  126.674 0.557 0.936 -0.001 0.001 -0.352
59  0 -64.226  126.043 0.556 0.935 -0.000 0.001 -0.356
59  0 -63.468  125.400 0.555 0.933 -0.001 0.001 -0.360
59  0 -62.716  124.737 0.553 0.929 -0.001 0.001 -0.370
59  0 -61.957  124.031 0.551 0.925 -0.001 0.001 -0.381
59  0 -61.197  123.317 0.552 0.921 -0.001 0.001 -0.390
59  0 -60.448  122.596 0.549 0.919 -0.000 0.001 -0.395
59  0 -59.708  121.851 0.548 0.918 -0.000 0.001 -0.396
59  0 -58.972  121.108 0.548 0.917 -0.000 0.001 -0.399
59  0 -58.237  120.330 0.542 0.913 -0.000 0.001 -0.408
59  0 -57.512  119.549 0.545 0.908 -0.001 0.001 -0.418
60  0 -56.799  118.734 0.542 0.900 -0.001 0.001 -0.436
60  0 -56.126  117.894 0.540 0.889 -0.002 0.002 -0.458
60  0 -55.497  117.023 0.536 0.874 -0.003 0.003 -0.485
60  0 -54.868  116.153 0.532 0.859 -0.003 0.003 -0.512
60  0 -54.372  115.272 0.532 0.837 -0.004 0.005 -0.547
60  0 -53.890  114.381 0.530 0.814 -0.004 0.005 -0.580
60  0 -53.486  113.501 0.522 0.790 -0.004 0.006 -0.613
60  0 -53.144  112.618 0.520 0.765 -0.004 0.007 -0.644
60  0 -52.853  111.767 0.519 0.739 -0.004 0.008 -0.673
60  0 -52.635  110.937 0.515 0.713 -0.004 0.009 -0.701
60  0 -52.471  110.118 0.513 0.686 -0.004 0.009 -0.727
60  0 -52.373  109.299 0.516 0.661 -0.004 0.010 -0.750
60  0 -52.324  108.524 0.512 0.641 -0.004 0.009 -0.768
60  0 -52.319  107.765 0.509 0.624 -0.004 0.009 -0.782
60  0 -52.352  107.021 0.505 0.610 -0.003 0.009 -0.792
60  0 -52.434  106.300 0.506 0.601 -0.003 0.009 -0.799
60  0 -52.547  105.607 0.506 0.594 -0.003 0.009 -0.804
60  0 -52.698  104.935 0.504 0.590 -0.002 0.008 -0.808
60  0 -52.859  104.278 0.501 0.587 -0.002 0.008 -0.810
60  0 -53.043  103.643 0.498 0.585 -0.001 0.007 -0.811
61  0 -53.231  103.024 0.491 0.585 -0.001 0.006 -0.811
61  0 -53.428  102.413 0.486 0.584 -0.001 0.006 -0.812
61  0 -53.623  101.833 0.485 0.582 -0.000 0.005 -0.813
61  0 -53.812  101.256 0.483 0.579 -0.000 0.005 -0.816
61  0 -54.047  100.696 0.476 0.566 0.001 0.007 -0.824
61  0 -54.281  100.131 0.469 0.553 0.001 0.007 -0.833
61  0 -54.549  99.616 0.465 0.534 0.001 0.007 -0.846
61  0 -54.813  99.135 0.461 0.512 0.001 0.008 -0.859
61  0 -55.107  98.673 0.454 -0.487 -0.000 -0.009 0.873
61  0 -55.428  98.241 0.452 -0.458 0.000 -0.009 0.889
61  0 -55.763  97.866 0.453 -0.426 0.001 -0.009 0.905
61  0 -56.120  97.530 0.451 -0.391 0.001 -0.010 0.920
61  0 -56.483  97.223 0.450 -0.356 0.001 -0.010 0.934
61  0 -56.873  96.930 0.449 -0.329 0.001 -0.009 0.944
61  0 -57.243  96.662 0.446 -0.314 0.000 -0.008 0.950
61  0 -57.638  96.370 0.441 -0.304 0.000 -0.007 0.953
61  0 -57.981  96.134 0.441 -0.304 -0.000 -0.006 0.953
61  0 -58.339  95.895 0.437 -0.303 -0.001 -0.005 0.953
61  0 -58.715  95.632 0.430 -0.302 -0.002 -0.003 0.953
61  0 -59.085  95.382 0.428 -0.301 -0.003 -0.002 0.953
62  0 -59.464  95.117 0.425 -0.301 -0.005 -0.001 0.954
62  0 -59.847  94.857 0.416 -0.301 -0.006 -0.001 0.954
62  0 -60.212  94.577 0.410 -0.301 -0.007 -0.002 0.954
62  0 -60.587  94.295 0.406 -0.301 -0.008 -0.004 0.954
62  0 -60.983  94.018 0.408 -0.301 -0.007 -0.004 0.954
62  0 -61.404  93.755 0.405 -0.301 -0.007 -0.002 0.954
62  0 -61.813  93.472 0.402 -0.301 -0.006 -0.000 0.954
62  0 -62.221  93.182 0.398 -0.301 -0.005 0.000 0.954
62  0 -62.647  92.888 0.388 -0.299 -0.002 -0.001 0.954
62  0 -63.073  92.614 0.381 -0.294 -0.001 -0.002 0.956
62  0 -63.553  92.306 0.381 -0.279 0.000 -0.003 0.960
62  0 -64.031  92.030 0.378 -0.263 0.001 -0.004 0.965
62  0 -64.536  91.790 0.380 -0.242 0.001 -0.005 0.970
62  0 -65.043  91.534 0.380 -0.221 0.000 -0.005 0.975
62  0 -65.587  91.293 0.377 -0.210 0.000 -0.004 0.978
62  0 -66.119  91.055 0.377 -0.205 0.000 -0.003 0.979
62  0 -66.651  90.803 0.377 -0.201 0.000 -0.003 0.980
62  0 -67.209  90.568 0.377 -0.201 -0.000 -0.003 0.980
62  0 -67.817  90.328 0.374 -0.198 -0.000 -0.003 0.980
62  0 -68.424  90.104 0.373 -0.192 -0.000 -0.003 0.981
63  0 -69.022  89.891 0.372 -0.179 0.000 -0.004 0.984
63  0 -69.621  89.676 0.371 -0.165 0.000 -0.004 0.986
63  0 -70.220  89.448 0.370 -0.155 0.000 -0.004 0.988
63  0 -70.854  89.235 0.370 -0.153 0.000 -0.003 0.988
63  0 -71.484  89.035 0.366 -0.152 0.000 -0.003 0.988
63  0 -72.129  88.827 0.364 -0.151 0.000 -0.003 0.988
63  0 -72.824  88.611 0.365 -0.151 -0.000 -0.003 0.989
63  0 -73.507  88.399 0.362 -0.151 -0.000 -0.002 0.989
63  0 -74.180  88.186 0.362 -0.150 0.000 -0.002 0.989
63  0 -74.851  87.968 0.361 -0.150 0.000 -0.002 0.989
63  0 -75.596  87.751 0.360 -0.151 -0.000 -0.002 0.989
63  0 -76.322  87.522 0.360 -0.150 0.000 -0.002 0.989
63  0 -77.052  87.307 0.360 -0.148 0.000 -0.002 0.989
63  0 -77.784  87.092 0.357 -0.140 0.000 -0.003 0.990
63  0 -78.543  86.905 0.356 -0.126 0.000 -0.003 0.992
63  0 -79.286  86.733 0.357 -0.106 0.000 -0.004 0.994
63  0 -80.060  86.587 0.355 -0.080 0.000 -0.005 0.997
63  0 -80.805  86.484 0.351 -0.050 0.001 -0.006 0.999
63  0 -81.603  86.422 0.355 -0.016 0.000 -0.007 1.000
63  0 -82.415  86.406 0.355 0.023 0.000 -0.008 1.000
64  0 -83.231  86.440 0.355 0.063 -0.000 -0.009 0.998
64  0 -83.968  86.510 0.359 0.097 -0.000 -0.009 0.995
64  0 -84.712  86.616 0.364 0.118 -0.000 -0.009 0.993
64  0 -85.500  86.741 0.360 0.132 -0.000 -0.008 0.991
64  0 -86.295  86.893 0.366 0.141 -0.000 -0.007 0.990
64  0 -87.060  87.064 0.363 0.146 -0.000 -0.007 0.989
64  0 -87.791  87.257 0.364 0.150 -0.000 -0.007 0.989
64  0 -88.465  87.456 0.365 0.151 -0.000 -0.006 0.988
64  0 -89.133  87.657 0.367 0.150 -0.000 -0.005 0.989
64  0 -89.851  87.852 0.369 0.145 -0.000 -0.004 0.989
64  0 -90.666  88.039 0.364 0.134 -0.000 -0.002 0.991
64  0 -91.415  88.201 0.367 0.119 -0.000 -0.001 0.993
64  0 -92.077  88.340 0.371 0.101 -0.000 -0.001 0.995
64  0 -92.743  88.463 0.375 0.086 -0.000 -0.001 0.996
64  0 -93.348  88.581 0.373 0.078 -0.000 -0.001 0.997
64  0 -93.913  88.688 0.372 0.074 -0.000 -0.001 0.997
64  0 -94.474  88.794 0.374 0.072 -0.000 -0.001 0.997
64  0 -95.197  88.887 0.372 0.071 -0.000 -0.000 0.997
64  0 -95.775  88.978 0.375 0.071 -0.000 -0.000 0.997
64  0 -96.373  89.066 0.375 0.071 -0.000 -0.001 0.997
65  0 -96.958  89.147 0.378 0.069 -0.000 -0.001 0.998
65  0 -97.533  89.219 0.377 0.062 -0.000 -0.000 0.998
65  0 -98.131  89.275 0.377 0.053 -0.000 0.000 0.999
65  0 -98.661  89.312 0.384 0.039 -0.000 0.000 0.999
65  0 -99.235  89.327 0.384 0.022 -0.000 0.001 1.000
65  0 -99.801  89.318 0.385 0.001 -0.000 0.001 1.000
65  0 -100.288  89.283 0.383 -0.022 -0.000 0.002 1.000
65  0 -100.783  89.223 0.382 -0.047 -0.000 0.003 0.999
65  0 -101.280  89.139 0.383 -0.072 -0.000 0.003 0.997
65  0 -101.775  89.047 0.381 -0.088 -0.001 0.002 0.996
65  0 -102.236  88.955 0.378 -0.095 -0.001 0.001 0.995
65  0 -102.693  88.863 0.379 -0.099 -0.001 0.001 0.995
65  0 -103.166  88.771 0.379 -0.100 -0.001 0.000 0.995
65  0 -103.627  88.684 0.379 -0.100 -0.000 0.000 0.995
65  0 -104.085  88.596 0.378 -0.100 -0.001 0.000 0.995
65  0 -104.521  88.506 0.377 -0.100 -0.000 -0.000 0.995
65  0 -104.959  88.418 0.377 -0.100 -0.000 -0.000 0.995
65  0 -105.375  88.331 0.376 -0.100 -0.001 -0.000 0.995
65  0 -105.781  88.250 0.378 -0.100 -0.000 -0.001 0.995
65  0 -106.193  88.167 0.379 -0.100 -0.000 -0.001 0.995
66  0 -106.597  88.086 0.381 -0.100 -0.000 -0.001 0.995
66  0 -106.989  88.005 0.379 -0.100 -0.000 -0.001 0.995
66  0 -107.371  87.925 0.377 -0.100 -0.000 -0.001 0.995
66  0 -107.750  87.849 0.379 -0.100 -0.000 -0.001 0.995
66  0 -108.122  87.773 0.380 -0.100 -0.000 -0.001 0.995
66  0 -108.490  87.700 0.380 -0.100 -0.000 -0.001 0.995
66  0 -108.846  87.628 0.382 -0.100 -0.000 -0.001 0.995
66  0 -109.202  87.556 0.384 -0.100 -0.000 -0.001 0.995
66  0 -109.542  87.484 0.382 -0.100 -0.000 -0.001 0.995
66  0 -109.888  87.415 0.382 -0.100 -0.000 -0.001 0.995
66  0 -110.221  87.348 0.382 -0.100 -0.000 -0.001 0.995
66  0 -110.548  87.282 0.382 -0.100 -0.000 -0.001 0.995
66  0 -110.868  87.219 0.382 -0.100 -0.000 -0.001 0.995
66  0 -111.176  87.156 0.381 -0.100 -0.000 -0.001 0.995
66  0 -111.486  87.093 0.380 -0.100 -0.000 -0.001 0.995
66  0 -111.781  87.030 0.381 -0.100 -0.000 -0.001 0.995
66  0 -112.086  86.972 0.380 -0.100 -0.000 -0.001 0.995
66  0 -112.376  86.908 0.381 -0.100 -0.000 -0.001 0.995
66  0 -112.662  86.849 0.384 -0.100 -0.000 -0.001 0.995
66  0 -112.947  86.792 0.386 -0.100 -0.000 -0.001 0.995
67  0 -113.231  86.740 0.385 -0.100 -0.000 -0.001 0.995
67  0 -113.524  86.678 0.386 -0.100 0.000 -0.001 0.995
67  0 -113.818  86.618 0.386 -0.100 0.000 -0.001 0.995
67  0 -114.124  86.556 0.384 -0.100 0.000 -0.001 0.995
67  0 -114.441  86.494 0.384 -0.100 0.000 -0.001 0.995
67  0 -114.755  86.429 0.385 -0.100 0.000 -0.001 0.995
67  0 -115.093  86.364 0.386 -0.098 0.000 -0.001 0.995
67  0 -115.427  86.298 0.387 -0.095 0.000 -0.001 0.995
67  0 -115.760  86.229 0.388 -0.092 0.000 -0.001 0.996
67  0 -116.157  86.182 0.387 -0.089 0.001 -0.001 0.996
67  0 -116.534  86.117 0.392 -0.089 0.001 -0.001 0.996
67  0 -116.921  86.046 0.391 -0.089 0.001 -0.001 0.996
67  0 -117.319  85.980 0.387 -0.088 0.001 -0.001 0.996
67  0 -117.730  85.904 0.384 -0.088 0.001 -0.001 0.996
67  0 -118.145  85.828 0.381 -0.088 0.001 -0.001 0.996
67  0 -118.568  85.752 0.382 -0.088 0.001 -0.001 0.996
67  0 -118.995  85.674 0.381 -0.088 0.000 -0.001 0.996
67  0 -119.414  85.598 0.381 -0.088 0.000 -0.001 0.996
67  0 -119.835  85.526 0.384 -0.088 0.000 -0.001 0.996
67  0 -120.243  85.451 0.386 -0.088 0.000 -0.001 0.996
68  0 -120.649  85.378 0.386 -0.088 0.000 -0.001 0.996
68  0 -121.050  85.304 0.386 -0.088 0.000 -0.001 0.996
68  0 -121.446  85.232 0.386 -0.089 0.000 -0.001 0.996
68  0 -121.833  85.162 0.385 -0.088 0.000 -0.001 0.996
68  0 -122.210  85.099 0.389 -0.088 0.000 -0.001 0.996
68  0 -122.583  85.030 0.393 -0.088 0.000 -0.001 0.996
68  0 -122.952  84.964 0.392 -0.089 0.000 -0.001 0.996
68  0 -123.320  84.897 0.390 -0.088 -0.000 -0.001 0.996
68  0 -123.683  84.822 0.390 -0.085 -0.000 -0.001 0.996
68  0 -124.011  84.800 0.388 -0.076 0.000 -0.001 0.997
68  0 -124.339  84.778 0.386 -0.067 0.000 -0.001 0.998
68  0 -124.687  84.725 0.381 -0.066 -0.000 -0.001 0.998
68  0 -125.017  84.680 0.378 -0.065 -0.000 -0.001 0.998
68  0 -125.339  84.644 0.381 -0.065 -0.000 -0.001 0.998
68  0 -125.652  84.603 0.389 -0.064 -0.000 -0.001 0.998
68  0 -125.962  84.562 0.395 -0.064 -0.000 -0.001 0.998
68  0 -126.264  84.520 0.397 -0.064 -0.000 -0.001 0.998
68  0 -126.562  84.484 0.395 -0.064 -0.000 -0.001 0.998
68  0 -126.860  84.447 0.392 -0.064 -0.000 -0.001 0.998
68  0 -127.156  84.412 0.390 -0.063 -0.000 -0.001 0.998
69  0 -127.414  84.381 0.388 -0.061 -0.000 -0.001 0.998
69  0 -127.674  84.351 0.386 -0.059 -0.000 -0.001 0.998
69  0 -127.954  84.320 0.385 -0.060 -0.000 -0.001 0.998
69  0 -128.232  84.293 0.385 -0.060 -0.000 -0.001 0.998
69  0 -128.509  84.267 0.386 -0.060 -0.000 -0.001 0.998
69  0 -128.725  84.236 0.385 -0.057 -0.000 -0.001 0.998
69  0 -128.970  84.208 0.386 -0.056 -0.000 -0.001 0.998
69  0 -129.217  84.178 0.387 -0.056 -0.000 -0.001 0.998
69  0 -129.462  84.151 0.388 -0.056 -0.000 -0.001 0.998
69  0 -129.706  84.126 0.389 -0.056 -0.000 -0.001 0.998
69  0 -129.941  84.098 0.389 -0.056 -0.000 -0.001 0.998
69  0 -130.177  84.072 0.389 -0.056 -0.000 -0.001 0.998
69  0 -130.413  84.046 0.388 -0.054 -0.000 -0.001 0.999
69  0 -130.647  84.021 0.387 -0.051 -0.000 -0.001 0.999
69  0 -130.843  84.015 0.388 -0.049 -0.000 -0.001 0.999
69  0 -131.055  84.003 0.389 -0.049 -0.000 -0.001 0.999
69  0 -131.271  83.981 0.387 -0.049 -0.000 -0.001 0.999
69  0 -131.480  83.957 0.387 -0.049 -0.000 -0.001 0.999
69  0 -131.685  83.936 0.386 -0.049 -0.000 -0.001 0.999
69  0 -131.886  83.918 0.383 -0.049 -0.000 -0.001 0.999
70  0 -132.086  83.900 0.380 -0.049 -0.000 -0.001 0.999
70  0 -132.278  83.881 0.379 -0.049 -0.000 -0.001 0.999
70  0 -132.475  83.863 0.380 -0.048 -0.000 -0.001 0.999
70  0 -132.672  83.845 0.382 -0.047 -0.000 -0.001 0.999
70  0 -132.843  83.851 0.382 -0.040 -0.000 -0.001 0.999
70  0 -133.019  83.847 0.382 -0.034 0.000 -0.001 0.999
70  0 -133.199  83.850 0.383 -0.027 -0.000 -0.001 1.000
70  0 -133.374  83.848 0.385 -0.023 -0.000 -0.001 1.000
70  0 -133.535  83.839 0.387 -0.022 -0.000 -0.001 1.000
70  0 -133.695  83.829 0.389 -0.021 -0.000 -0.001 1.000
70  0 -133.877  83.838 0.386 -0.023 -0.000 -0.001 1.000
70  0 -134.040  83.831 0.389 -0.023 -0.000 -0.001 1.000
70  0 -134.201  83.829 0.389 -0.023 -0.000 -0.001 1.000
70  0 -134.357  83.818 0.388 -0.023 -0.000 -0.001 1.000
70  0 -134.514  83.811 0.384 -0.023 -0.000 -0.001 1.000
70  0 -134.664  83.804 0.381 -0.023 -0.000 -0.001 1.000
70  0 -134.817  83.798 0.381 -0.022 -0.000 -0.001 1.000
70  0 -134.971  83.796 0.385 -0.020 -0.000 -0.001 1.000
70  0 -135.100  83.797 0.387 -0.018 -0.000 -0.001 1.000
70  0 -135.243  83.785 0.387 -0.017 -0.000 -0.001 1.000
71  0 -135.395  83.788 0.383 -0.018 -0.000 -0.001 1.000
71  0 -135.538  83.782 0.384 -0.018 -0.000 -0.001 1.000
71  0 -135.702  83.778 0.387 -0.018 0.000 -0.001 1.000
71  0 -135.867  83.770 0.387 -0.018 0.000 -0.001 1.000
71  0 -136.049  83.762 0.382 -0.018 0.000 -0.001 1.000
71  0 -136.234  83.758 0.380 -0.018 0.000 -0.001 1.000
71  0 -136.435  83.750 0.384 -0.018 0.000 -0.001 1.000
71  0 -136.642  83.742 0.388 -0.018 0.000 -0.001 1.000
71  0 -136.864  83.738 0.392 -0.018 0.000 -0.001 1.000
71  0 -137.091  83.729 0.393 -0.018 0.000 -0.001 1.000
71  0 -137.328  83.717 0.391 -0.018 0.001 -0.001 1.000
71  0 -137.581  83.715 0.388 -0.016 0.001 -0.001 1.000
71  0 -137.853  83.717 0.384 -0.013 0.001 -0.001 1.000
71  0 -138.125  83.717 0.380 -0.009 0.001 -0.001 1.000
71  0 -138.375  83.729 0.393 -0.001 0.000 -0.001 1.000
71  0 -138.639  83.738 0.387 0.005 0.000 -0.001 1.000
71  0 -138.903  83.735 0.382 0.008 0.000 -0.001 1.000
71  0 -139.201  83.759 0.386 0.007 0.000 -0.001 1.000
71  0 -139.504  83.768 0.384 0.007 0.000 -0.001 1.000
71  0 -139.811  83.772 0.387 0.007 0.000 -0.001 1.000
72  0 -140.130  83.776 0.392 0.007 0.000 -0.001 1.000
72  0 -140.453  83.777 0.397 0.007 0.000 -0.001 1.000
72  0 -140.788  83.786 0.392 0.008 0.000 -0.001 1.000
72  0 -141.143  83.790 0.386 0.007 0.001 -0.001 1.000
72  0 -141.510  83.795 0.381 0.007 0.001 -0.001 1.000
72  0 -141.878  83.800 0.379 0.007 0.001 -0.001 1.000
72  0 -142.259  83.801 0.380 0.007 0.001 -0.001 1.000
72  0 -142.655  83.810 0.380 0.007 0.001 -0.001 1.000
72  0 -143.056  83.815 0.378 0.007 0.001 -0.001 1.000
72  0 -143.470  83.824 0.378 0.007 0.001 -0.001 1.000
72  0 -143.893  83.832 0.378 0.007 0.001 -0.001 1.000
72  0 -144.335  83.833 0.376 0.008 0.001 -0.001 1.000
72  0 -144.788  83.839 0.379 0.007 0.001 -0.001 1.000
72  0 -145.253  83.849 0.381 0.007 0.000 -0.001 1.000
72  0 -145.717  83.855 0.380 0.008 0.001 -0.001 1.000
72  0 -146.196  83.863 0.379 0.007 0.001 -0.001 1.000
72  0 -146.672  83.871 0.377 0.007 0.001 -0.001 1.000
72  0 -147.144  83.879 0.379 0.007 0.001 -0.001 1.000
72  0 -147.609  83.884 0.380 0.007 0.001 -0.001 1.000
72  0 -148.075  83.892 0.379 0.007 0.000 -0.001 1.000
73  0 -148.519  83.899 0.377 0.007 0.000 -0.001 1.000
73  0 -148.957  83.903 0.377 0.007 0.000 -0.001 1.000
73  0 -149.386  83.909 0.380 0.007 -0.000 -0.001 1.000
73  0 -149.799  83.918 0.382 0.007 -0.000 -0.001 1.000
73  0 -150.206  83.921 0.383 0.007 -0.001 -0.001 1.000
73  0 -150.549  83.928 0.379 0.007 -0.001 -0.001 1.000
73  0 -150.845  83.933 0.380 0.007 -0.001 -0.001 1.000
73  0 -151.095  83.936 0.384 0.007 -0.002 -0.001 1.000
73  0 -151.288  83.935 0.382 0.007 -0.002 -0.001 1.000
73  0 -151.365  83.941 0.383 0.007 -0.002 -0.001 1.000
73  0 -151.391  83.940 0.379 0.007 -0.003 -0.001 1.000
73  0 -151.376  83.939 0.383 0.008 -0.002 -0.001 1.000
73  0 -151.371  83.941 0.385 0.008 -0.002 -0.001 1.000
73  0 -151.381  83.941 0.385 0.007 -0.002 -0.001 1.000
73  0 -151.378  83.940 0.382 0.007 -0.002 -0.001 1.000
73  0 -151.376  83.939 0.380 0.007 -0.001 -0.001 1.000
73  0 -151.373  83.938 0.379 0.007 -0.001 -0.001 1.000
73  0 -151.369  83.938 0.379 0.008 -0.001 -0.001 1.000
73  0 -151.365  83.938 0.379 0.008 -0.001 -0.001 1.000
73  0 -151.371  83.938 0.382 0.008 -0.001 -0.001 1.000
74  0 -151.372  83.940 0.382 0.008 -0.001 -0.001 1.000
74  0 -151.362  83.941 0.382 0.007 -0.001 -0.001 1.000
74  0 -151.363  83.938 0.382 0.007 -0.001 -0.001 1.000
74  0 -151.367  83.939 0.380 0.008 -0.001 -0.001 1.000
74  0 -151.370  83.938 0.378 0.008 -0.001 -0.001 1.000
74  0 -151.370  83.939 0.377 0.008 -0.000 -0.001 1.000
74  0 -151.364  83.939 0.377 0.008 -0.000 -0.001 1.000
74  0 -151.359  83.939 0.380 0.008 -0.000 -0.001 1.000
74  0 -151.356  83.938 0.382 0.008 -0.000 -0.001 1.000
74  0 -151.363  83.939 0.382 0.008 -0.000 -0.001 1.000
74  0 -151.366  83.938 0.382 0.008 -0.000 -0.001 1.000
74  0 -151.368  83.938 0.383 0.008 -0.000 -0.001 1.000
74  0 -151.364  83.938 0.380 0.007 -0.000 -0.001 1.000
74  0 -151.365  83.940 0.379 0.007 -0.000 -0.001 1.000
74  0 -151.366  83.938 0.379 0.008 -0.000 -0.001 1.000
74  0 -151.366  83.936 0.379 0.008 -0.000 -0.001 1.000
74  0 -151.362  83.938 0.379 0.008 -0.000 -0.001 1.000
74  0 -151.356  83.939 0.380 0.007 -0.000 -0.001 1.000
74  0 -151.360  83.940 0.378 0.007 -0.000 -0.001 1.000
74  0 -151.364  83.940 0.377 0.007 -0.000 -0.001 1.000
75  0 -151.367  83.940 0.377 0.007 -0.000 -0.001 1.000
75  0 -151.358  83.940 0.376 0.007 -0.000 -0.001 1.000
75  0 -151.361  83.938 0.380 0.008 -0.000 -0.001 1.000
75  0 -151.369  83.938 0.384 0.007 -0.000 -0.001 1.000
75  0 -151.367  83.938 0.381 0.007 -0.000 -0.001 1.000
75  0 -151.365  83.939 0.378 0.008 -0.000 -0.001 1.000
75  0 -151.361  83.940 0.377 0.008 -0.000 -0.001 1.000
75  0 -151.359  83.941 0.377 0.008 -0.000 -0.001 1.000
75  0 -151.365  83.938 0.378 0.007 -0.000 -0.000 1.000
75  0 -151.369  83.936 0.380 0.008 -0.000 -0.001 1.000
75  0 -151.360  83.939 0.381 0.007 -0.000 -0.001 1.000
75  0 -151.371  83.942 0.381 0.008 -0.000 -0.001 1.000
75  0 -151.367  83.938 0.379 0.008 -0.000 -0.001 1.000
75  0 -151.362  83.936 0.378 0.008 -0.000 -0.001 1.000
75  0 -151.361  83.937 0.379 0.008 -0.000 -0.001 1.000
75  0 -151.365  83.940 0.379 0.007 -0.000 -0.001 1.000
75  0 -151.369  83.941 0.379 0.007 -0.000 -0.001 1.000
75  0 -151.365  83.940 0.380 0.007 -0.000 -0.001 1.000
75  0 -151.363  83.939 0.381 0.007 -0.000 -0.001 1.000
75  0 -151.361  83.939 0.383 0.007 -0.000 -0.001 1.000
76  0 -151.365  83.941 0.384 0.007 -0.000 -0.001 1.000
76  0 -151.370  83.939 0.383 0.008 -0.000 -0.001 1.000
76  0 -151.369  83.939 0.381 0.008 -0.000 -0.001 1.000
76  0 -151.366  83.939 0.380 0.007 -0.000 -0.001 1.000
76  0 -151.362  83.938 0.380 0.008 -0.000 -0.001 1.000
76  0 -151.359  83.939 0.379 0.008 -0.000 -0.001 1.000
76  0 -151.363  83.939 0.379 0.007 -0.000 -0.001 1.000
76  0 -151.365  83.940 0.380 0.007 -0.000 -0.001 1.000
76  0 -151.365  83.940 0.380 0.007 -0.000 -0.001 1.000
76  0 -151.364  83.939 0.380 0.007 -0.000 -0.001 1.000
76  0 -151.360  83.937 0.381 0.007 -0.000 -0.001 1.000
76  0 -151.366  83.939 0.380 0.007 -0.000 -0.001 1.000
76  0 -151.367  83.939 0.380 0.007 -0.000 -0.001 1.000
76  0 -151.363  83.939 0.380 0.008 -0.000 -0.001 1.000
76  0 -151.360  83.939 0.380 0.007 -0.000 -0.001 1.000
76  0 -151.362  83.939 0.380 0.008 -0.000 -0.001 1.000
76  0 -151.364  83.938 0.381 0.008 -0.000 -0.001 1.000
76  0 -151.365  83.937 0.382 0.008 -0.000 -0.001 1.000
76  0 -151.364  83.937 0.381 0.008 -0.000 -0.001 1.000
76  0 -151.376  83.939 0.383 0.008 -0.000 -0.001 1.000
77  0 -151.369  83.940 0.382 0.007 -0.000 -0.001 1.000
77  0 -151.366  83.939 0.380 0.007 -0.000 -0.001 1.000
77  0 -151.364  83.938 0.379 0.008 -0.000 -0.001 1.000
77  0 -151.363  83.939 0.378 0.008 -0.000 -0.001 1.000
77  0 -151.361  83.939 0.379 0.008 -0.000 -0.001 1.000
77  0 -151.364  83.939 0.380 0.008 -0.000 -0.001 1.000
77  0 -151.368  83.940 0.379 0.007 -0.000 -0.001 1.000
77  0 -151.365  83.939 0.377 0.008 -0.000 -0.001 1.000
77  0 -151.368  83.939 0.378 0.008 -0.000 -0.001 1.000
77  0 -151.365  83.940 0.378 0.008 -0.000 -0.001 1.000
77  0 -151.369  83.941 0.378 0.007 -0.000 -0.001 1.000
77  0 -151.364  83.939 0.377 0.007 -0.000 -0.001 1.000
77  0 -151.364  83.941 0.377 0.007 -0.000 -0.001 1.000
77  0 -151.366  83.941 0.378 0.007 -0.000 -0.001 1.000
77  0 -151.365  83.939 0.381 0.007 -0.000 -0.001 1.000
77  0 -151.364  83.938 0.384 0.008 -0.000 -0.001 1.000
77  0 -151.356  83.940 0.385 0.008 -0.000 -0.001 1.000
77  0 -151.361  83.939 0.384 0.008 -0.000 -0.001 1.000
77  0 -151.367  83.938 0.381 0.008 -0.000 -0.001 1.000
77  0 -151.369  83.937 0.379 0.007 -0.000 -0.001 1.000
78  0 -151.370  83.937 0.376 0.007 -0.000 -0.001 1.000
78  0 -151.370  83.939 0.374 0.007 -0.000 -0.001 1.000
78  0 -151.364  83.940 0.377 0.008 -0.000 -0.000 1.000
78  0 -151.374  83.938 0.382 0.008 -0.000 -0.001 1.000
78  0 -151.362  83.938 0.383 0.008 -0.000 -0.001 1.000
78  0 -151.365  83.938 0.381 0.007 -0.000 -0.001 1.000
78  0 -151.366  83.939 0.379 0.008 -0.000 -0.001 1.000
78  0 -151.362  83.940 0.378 0.007 -0.000 -0.001 1.000
78  0 -151.361  83.939 0.377 0.007 -0.000 -0.001 1.000
78  0 -151.365  83.939 0.376 0.007 -0.000 -0.001 1.000
78  0 -151.370  83.938 0.377 0.007 -0.000 -0.001 1.000
